

*************************************************************

   NEOS Server Version 5.0
   Job#     : 48800
   Password : jxfOrSeR
   Solver   : nco:LOQO:AMPL
   Start    : 2011-12-03 20:42:03
   End      : 2011-12-03 20:42:58
   Host     : neos-1.chtc.wisc.edu

   Disclaimer:

   This information is provided without any express or
   implied warranty. In particular, there is no warranty
   of any kind concerning the fitness of this
   information  for any particular purpose.
*************************************************************
Job 48800 sent to neos-1.chtc.wisc.edu
password: jxfOrSeR
---------- Begin Solver Output -----------
Executing /opt/neos/Drivers/loqo-ampl/loqo-driver.py at time: 2011-12-03 20:42:03.673111
File exists
You are using the solver loqo.
Executing AMPL.
processing data.
processing commands.

930 variables, all nonlinear
1 constraint, all linear; 930 nonzeros
	1 equality constraint
1 nonlinear objective; 930 nonzeros.

LOQO 6.07: optimal solution (30 QP iterations, 88 evaluations)
primal objective 8705.296136
  dual objective 8705.296176
digit 7
a [*] :=
  1   1.11217e-08   234   2.76862e-08   467   8.1588e-09    700 100
  2   1.9345e-08    235   1.13514e-08   468   8.97209e-09   701  51.1066
  3   1.1036e-08    236   7.68435e-09   469   1.02516e-08   702  39.0495
  4   8.73185e-09   237   7.72579e-09   470   1.00998e-08   703 100
  5   7.18494e-09   238   3.07291e-08   471   5.76276e-07   704 100
  6   2.56414e-08   239   2.38412e-08   472   2.29116e-08   705   4.60709
  7   6.39906e-09   240  24.3183        473   9.49337e-09   706 100
  8   2.11858e-07   241   3.50077e-08   474   2.95844e-08   707   7.75087e-09
  9   2.37507e-08   242   2.55736e-08   475   1.47735e-08   708  37.8053
 10   4.77854e-08   243   5.77774e-09   476   1.62604e-08   709   5.52181e-08
 11   6.28526       244   4.63398e-08   477   8.94823e-09   710 100
 12   4.90255e-08   245   1.43665e-08   478   1.41936e-08   711 100
 13   1.14131e-08   246   1.87029e-08   479   7.11861e-09   712 100
 14   6.81297e-09   247   8.59655e-08   480   6.78915e-09   713 100
 15   9.72455e-09   248  18.8122        481   2.79088e-08   714 100
 16   7.124e-08     249   1.08652e-08   482   3.88195e-08   715 100
 17   5.97194e-08   250   0.00206191    483   1.63642e-08   716 100
 18   1.53913e-08   251   5.3547e-06    484   7.84522e-08   717 100
 19   1.7228e-08    252   2.5149e-08    485   1.43588e-08   718 100
 20   6.71235e-09   253   2.72411e-08   486  19.0277        719   2.75395e-07
 21   5.21683e-09   254   1.47797e-08   487   1.42644e-08   720 100
 22  18.9543        255   1.11847e-08   488   2.66353e-08   721  32.2455
 23   3.42251e-08   256   9.82228e-09   489   1.6242e-08    722   1.75682e-08
 24   1.32263e-07   257   8.39256       490   1.76719e-08   723  85.1933
 25   1.9314e-08    258   5.42005e-09   491   1.00998e-08   724 100
 26  38.1808        259   7.91253e-09   492   2.66353e-08   725 100
 27   5.6695e-07    260   2.26445e-08   493   2.24276e-08   726 100
 28  31.7589        261   6.49326e-09   494   4.2904e-08    727   2.65835e-08
 29   0.232167      262   9.06991e-09   495   4.39487e-08   728  80.7913
 30   0.232167      263   9.48807e-09   496   9.49145e-09   729 100
 31  10.4932        264   5.85094e-09   497   1.70819e-08   730 100
 32   2.79129       265   1.44043e-08   498   1.07185e-08   731  95.2397
 33   7.80884e-08   266   5.05594e-08   499   9.27622e-09   732  71.6029
 34  10.2358        267   3.47293e-08   500   5.57963e-09   733 100
 35   8.31676e-09   268   5.88269e-07   501   3.82651e-08   734   3.40176e-07
 36   7.76666e-09   269   1.78215e-07   502   3.77152e-08   735  99.0831
 37   5.79409e-09   270   1.58516e-08   503   9.14927e-09   736 100
 38   9.34924e-09   271   4.10131e-08   504   4.9617e-09    737 100
 39   9.08864e-08   272   2.10205e-08   505   5.1405e-09    738 100
 40   9.81781e-09   273   4.20911e-08   506   3.08216e-09   739 100
 41   1.12633e-08   274   2.4016e-08    507   5.8986e-09    740 100
 42   5.05009e-09   275   6.76843e-08   508   1.14106e-08   741 100
 43   9.76871e-09   276  84.738         509   1.57706e-08   742 100
 44   8.65029e-09   277  59.5678        510   6.23507e-09   743  85.6298
 45   9.42567e-09   278   6.14613e-08   511   4.92602e-09   744  90.8137
 46   2.47547e-08   279   8.73792       512   5.16641e-09   745   1.44953e-08
 47   2.61608e-08   280  22.916         513   8.89868e-09   746   5.74416e-08
 48   1.1239e-08    281  11.8261        514   1.3886e-08    747   1.28508e-08
 49   1.40829e-08   282   5.28198e-09   515   2.22866e-07   748   2.96912e-09
 50   1.84395e-08   283  39.2707        516   4.13211e-08   749   3.60791e-09
 51   3.34276e-08   284   1.61097e-08   517  32.8016        750   1.08048e-08
 52   1.17666e-08   285  13.2206        518   3.00353e-08   751   1.06439e-08
 53   5.94365e-09   286   1.15965e-08   519   1.08595e-08   752  10.5899
 54   4.03988       287   5.42649e-09   520   1.84069e-08   753   1.78416e-07
 55   5.94361e-09   288 100             521   6.29013e-09   754   1.57972e-08
 56   7.23118e-09   289   1.06307e-08   522   1.08693e-08   755   6.29679e-09
 57   1.02377e-08   290  14.8927        523   5.33719e-09   756   7.68136e-09
 58   9.1856e-09    291   2.20363e-07   524   6.69292e-09   757   7.04595e-09
 59   6.20506e-09   292  47.9919        525   7.65466       758   1.92409e-08
 60   1.82743e-08   293   3.11712e-08   526   1.8076e-08    759   4.96943e-09
 61   1.54546e-08   294   1.20285e-08   527   9.08897e-09   760   1.04987e-08
 62   1.51897e-08   295   9.46759e-08   528  62.2307        761   8.52861e-09
 63   2.13417e-08   296   7.54902       529   8.90881e-09   762   3.40387
 64   4.69087e-08   297   2.83963e-08   530   1.23716e-08   763   7.44158e-09
 65  40.8006        298   1.4951e-07    531   1.84384e-08   764   1.27678e-08
 66   1.40499e-08   299   7.75198e-08   532   7.82834e-09   765   2.35132e-08
 67   2.66762e-08   300  30.3795        533   2.24096e-08   766   3.18818e-08
 68   7.4729e-09    301 100             534  39.1864        767   5.89858e-08
 69   1.09944e-08   302  14.5361        535   1.05217e-08   768   1.66732e-08
 70   1.87766e-08   303  17.0012        536   7.64665e-09   769  40.7934
 71   3.81822e-09   304  73.6096        537   1.66097e-07   770   1.52508e-08
 72   2.36986e-09   305   6.99369e-08   538  20.1132        771   1.57972e-08
 73  54.354         306  43.5521        539   1.07281e-08   772   2.40609e-08
 74   8.9985e-08    307   2.90829e-08   540   8.82476e-09   773   1.29027e-08
 75   2.00392e-08   308  34.8983        541   1.52105e-08   774   3.96154e-08
 76   2.29944e-08   309   1.68669e-07   542   9.1416e-09    775   4.41853e-09
 77   3.59477e-08   310   1.45374e-08   543   1.17225e-08   776   1.79685e-08
 78   7.47965e-09   311   1.05391e-08   544  33.0099        777   7.99008e-09
 79   3.57098       312   2.04401e-08   545   2.49382e-08   778   3.8168e-08
 80   1.71701e-08   313   3.89106e-08   546   2.59328e-08   779   8.96969e-09
 81   5.0017e-08    314   9.21263e-09   547   2.74308e-08   780   1.79905e-08
 82   1.18036       315   1.25565e-08   548   2.46309e-08   781   5.65621e-08
 83   1.36898e-07   316   1.08284e-08   549   2.45051e-08   782   3.98956e-09
 84   8.02935e-08   317   2.98438e-06   550   9.9849e-09    783   5.44442e-09
 85   1.6275e-08    318   5.00302e-08   551   1.28101e-08   784   5.76354e-09
 86   3.46819       319   2.68706e-08   552   1.71895e-08   785   8.83708e-09
 87   6.69765e-08   320   1.65723e-08   553   9.25558e-08   786   7.40598e-09
 88   1.07913e-08   321   2.54394e-08   554  34.3588        787   3.7021e-09
 89   5.64287e-08   322   9.41508e-09   555   8.12751e-09   788   4.25818e-09
 90   9.45625e-08   323   1.31667e-08   556   7.80835e-09   789   8.13449e-09
 91   1.54253e-08   324   1.23593e-08   557   1.87008e-08   790   5.19016e-09
 92   1.16182e-08   325   2.53423e-08   558   3.4887        791   3.24685e-09
 93   1.02827e-08   326   1.03741e-08   559   1.50903e-08   792   6.06458e-09
 94   1.77135e-07   327   1.09016e-08   560   4.3394e-08    793  18.3189
 95 100             328   2.401e-08     561   1.35633e-08   794   7.72579e-09
 96  97.4388        329   1.83002e-08   562   6.686e-09     795   7.78175
 97   1.6935e-08    330  54.1282        563   4.09221e-09   796   3.03458e-08
 98  71.7467        331   1.89957e-07   564   1.11173e-08   797   1.57705e-08
 99   2.65711e-08   332   5.81261e-07   565   8.64734e-09   798   3.9082e-09
100 100             333   0.000221363   566   1.18464e-08   799   6.94554e-09
101 100             334   1.2689e-08    567   1.28562e-08   800   2.74229e-09
102 100             335  18.7202        568   9.47457e-09   801   2.60778e-09
103   1.35946e-07   336   0.219292      569   9.04887e-09   802   4.9616e-09
104   1.2827e-07    337   6.16705e-09   570   9.16403e-09   803   5.26909e-09
105   5.48057e-08   338   1.26706e-08   571   2.14314e-08   804 100
106 100             339   9.0802e-08    572   1.04052e-08   805   5.15743e-08
107   3.21318e-08   340   3.19721e-08   573   9.12181e-09   806   9.5289e-09
108   7.11031e-08   341   1.52014e-08   574   1.72995e-08   807   2.08704e-08
109  27.2169        342   1.36663e-08   575   1.1104e-08    808   2.23728e-08
110   5.48057e-08   343   1.21317e-08   576   8.1011e-09    809   1.72072e-08
111   1.77135e-07   344   1.41406e-08   577   2.25298e-08   810   9.13313e-09
112  40.4963        345   1.1982e-08    578   2.70116e-08   811   1.44964e-08
113  32.3589        346   1.34902e-08   579   1.35547e-08   812   9.072
114  32.3589        347   5.92018       580   7.29415e-08   813   8.33047e-09
115  80.3448        348   4.27984e-08   581   2.2485e-08    814   9.96484e-09
116   1.76503e-08   349   9.4328e-09    582   7.84784e-09   815   3.89641e-09
117   9.89095       350   5.54893e-09   583   8.65797e-08   816  40.8277
118 100             351   3.64316e-08   584   1.92883e-07   817   1.30805e-08
119 100             352   5.65502e-08   585   1.72359e-08   818   5.53976e-09
120  31.1631        353  68.7889        586   6.4031e-08    819   6.87749e-09
121   1.77135e-07   354   9.8074e-09    587   1.9811e-08    820   3.49827e-09
122   1.77135e-07   355   7.07806e-06   588   2.45858e-08   821   3.09259e-09
123  31.1631        356   5.63156e-09   589   6.95041e-09   822   6.47727e-09
124   5.48057e-08   357   3.77456e-09   590   1.12394e-08   823   1.29712e-08
125   2.57222e-07   358  25.7089        591   2.66882e-08   824   1.09041e-08
126   6.37039e-06   359   3.33226e-08   592   1.26313e-08   825   3.95929e-09
127 100             360   9.08914e-09   593   1.15218e-08   826   3.65726e-07
128   1.17774e-07   361   9.6233e-09    594   1.9354e-08    827   2.27982e-08
129   4.53161e-09   362   1.29952e-08   595   1.22961e-08   828  27.0671
130   6.74e-09      363 100             596   1.10119e-08   829   4.59414e-09
131   5.4055e-07    364 100             597   1.17357e-08   830   6.39374
132   7.1878e-08    365   2.05571e-08   598   3.45482e-09   831   1.13391e-08
133   5.48057e-08   366   2.07386e-08   599   2.73408e-09   832   8.12893
134   1.63276e-08   367   1.20369e-06   600   8.0521e-09    833   4.49273e-07
135 100             368   0.00228181    601   4.68353e-09   834   2.91546e-09
136 100             369  81.2929        602   8.77097e-09   835   4.38849e-09
137   9.30859e-09   370   9.25991e-09   603   4.70822e-09   836   4.36589e-09
138   9.34175e-09   371  31.8128        604   5.38611e-08   837   7.21657e-09
139   1.27049e-08   372  19.9119        605   8.1266e-09    838   6.92583e-08
140   1.18504e-08   373  32.1937        606   5.11432e-09   839   1.46203e-08
141   6.96326e-09   374   2.30328e-08   607   1.00239e-08   840   3.49756e-08
142   8.77439e-09   375   8.21896e-09   608   1.60408e-08   841  31.1496
143   5.48057e-08   376   7.84127e-09   609   6.05197e-09   842   1.40403e-08
144  62.7905        377   1.39349e-08   610   6.66999e-08   843   9.59153e-09
145  41.964         378   2.84374e-08   611   1.56048e-08   844   8.70891e-09
146  41.964         379   9.73217e-09   612   1.5456e-08    845   6.571e-09
147   3.22058e-08   380   8.90464       613   4.40858e-09   846   2.86746
148   1.97421       381   1.90134e-08   614   4.57583e-09   847 100
149   8.44298e-09   382   1.35078e-08   615   8.09908e-09   848   1.62504e-08
150   9.38561e-09   383   1.99459       616   3.89171e-09   849  24.8025
151   1.67671e-08   384   7.64045e-09   617   3.87201e-09   850   2.13786e-08
152   8.85233e-08   385   1.09273e-08   618   1.43742e-08   851   1.17746e-08
153 100             386   1.78888e-08   619   1.93734e-08   852   3.91109e-08
154 100             387   1.28908e-08   620   1.90304e-08   853  28.8096
155   2.89066e-08   388   1.55092e-08   621   7.35868e-09   854   5.56922e-08
156   8.01422e-08   389   1.29559e-08   622   2.36268e-08   855   1.98032e-08
157  31.1631        390   3.9498e-08    623   1.59566e-08   856   9.8479e-08
158  31.1631        391   1.22485e-08   624   1.05962e-08   857   9.00756e-09
159  56.3561        392   1.61631e-07   625   7.42869e-09   858   6.25065e-08
160  74.5957        393   3.30431e-08   626   2.23252e-08   859   1.45782e-08
161   6.48154e-08   394   2.28897e-08   627   2.00507e-08   860 100
162  90.5713        395   5.22585e-08   628   4.32669e-09   861 100
163   1.27212e-08   396  36.7992        629   4.69368e-09   862   1.94625e-08
164   8.01422e-08   397   1.74636e-08   630   3.94555e-08   863   3.6071e-07
165   1.68596e-08   398   1.25239e-08   631   4.83872e-08   864 100
166   1.40594e-08   399   2.26564e-08   632   9.72754e-09   865  52.8143
167   3.7132e-08    400   6.0817e-08    633   9.52095e-09   866   2.22503e-08
168   6.3411e-08    401   2.20692e-08   634   7.44005e-09   867   4.8785e-08
169   2.20525e-08   402   1.86023e-08   635   5.48598e-09   868   1.56665e-08
170   2.61557e-08   403   3.22726e-08   636   3.94609e-09   869   1.80148e-08
171   1.37462e-07   404   2.9614e-08    637   1.18439e-08   870   1.51338e-08
172   5.16881e-06   405   2.9614e-08    638   6.28126e-09   871   1.57364e-08
173   5.48057e-08   406 100             639   7.40385e-09   872   1.12438e-08
174   5.48057e-08   407   1.06327e-08   640   2.00785e-08   873   1.56915e-08
175   8.01422e-08   408  37.8667        641   2.65739e-08   874   3.02499e-08
176   2.11536e-07   409  57.8482        642   6.36865e-09   875   1.82765e-08
177   1.63597e-08   410   1.66188e-08   643   1.04972e-08   876   2.04206e-08
178   8.67956e-09   411   3.69578e-08   644   2.18079e-08   877   1.36005e-08
179   1.97582e-08   412   2.42409e-08   645   2.08014e-08   878   2.05322e-08
180   3.16388e-08   413   1.16124e-08   646   3.34388e-08   879   6.35327e-08
181   8.01422e-08   414   1.71775e-08   647   8.45795e-07   880  28.5551
182   1.77135e-07   415  60.5558        648   1.23325e-08   881   1.57635e-08
183 100             416   1.47584e-08   649   1.02446e-08   882   2.22503e-08
184   1.77135e-07   417   1.47584e-08   650   1.03779e-08   883   5.15021e-06
185   5.48057e-08   418   2.0734e-08    651   5.56696e-09   884   1.33591e-07
186   1.2827e-07    419   2.0734e-08    652 100             885  30.1512
187   6.05998e-06   420   9.97816e-09   653 100             886 100
188   6.20786e-09   421   4.83636e-08   654 100             887  32.3818
189   2.01622e-08   422   1.17657e-08   655 100             888  79.6885
190  44.3933        423   3.52045e-08   656 100             889   1.62554e-07
191  38.093         424   9.61541e-09   657  20.1731        890 100
192  10.4225        425   1.87232e-08   658  80.9388        891 100
193   4.84348e-09   426  17.4299        659  14.1291        892  62.6291
194   3.49113e-08   427 100             660  34.0713        893   1.86131e-08
195   7.35992e-09   428   9.14986e-09   661 100             894   9.25087e-08
196   2.06361e-08   429   3.39924e-08   662 100             895   1.21196e-07
197  63.1527        430   6.30293e-08   663   3.71016e-07   896   1.00356e-08
198   3.5275e-07    431   6.10679e-09   664 100             897 100
199   2.99205e-08   432 100             665 100             898   5.74502e-08
200   1.48331e-08   433   4.60804e-08   666 100             899   3.39884e-07
201   1.97131e-08   434   1.27994e-08   667 100             900   1.67279e-08
202   2.58936e-08   435   2.25491e-08   668 100             901   1.83302e-07
203  63.2317        436   3.06161e-08   669 100             902   4.52253e-08
204  26.0374        437  17.4995        670  42.5973        903   9.92241e-09
205   1.60003e-08   438   1.5328e-08    671  17.3503        904   7.72385e-08
206   2.58506e-08   439   1.94498e-08   672   5.71155e-07   905   4.46356e-08
207   2.47906e-08   440   7.28545e-09   673 100             906   3.29966e-08
208  91.7451        441  25.833         674 100             907   7.80598e-08
209   2.92622e-08   442   2.4689e-08    675  88.0451        908   1.77113e-08
210   1.39761e-08   443   2.81064e-07   676 100             909   1.30591e-07
211  38.6439        444   1.07929e-08   677  51.343         910   2.27643e-08
212  33.719         445   4.98794e-08   678   6.93718e-08   911   5.05443e-08
213  32.367         446   1.32644e-08   679  86.8492        912   3.03341e-08
214   3.66463e-08   447   7.64149e-08   680  93.4196        913   1.74042e-07
215   7.50439       448  56.2478        681 100             914   0.797949
216   6.85689e-08   449   1.32713e-07   682 100             915   2.5425e-07
217   6.13204e-08   450   5.3029e-09    683 100             916   2.3086e-08
218   1.66528e-08   451   7.23764e-09   684  16.1701        917   7.57644e-08
219   1.33809e-08   452   1.8112e-08    685 100             918   3.78362e-08
220   1.84598e-08   453   3.30477e-08   686  78.0848        919   5.40034e-08
221   5.48159e-09   454   4.76473e-08   687  93.5714        920   5.40034e-08
222   2.7051e-08    455   2.80783e-08   688 100             921   1.10646e-08
223   1.80653e-08   456   1.01114e-08   689 100             922   7.68598e-09
224   9.00474e-08   457   3.18591e-08   690  79.4765        923   1.51766e-06
225   1.67698e-08   458   2.63673e-08   691   8.59894e-09   924   1.85391e-08
226   1.09932e-08   459   2.04025e-08   692   2.55642e-07   925  86.4131
227   1.11012e-08   460   1.5871e-07    693  91.4191        926   3.45683e-06
228   1.12639e-08   461   2.33955e-08   694   1.52661e-08   927  53.259
229   8.0163e-09    462   9.97668e-08   695   8.4282e-09    928   1.23559e-08
230   7.53444e-09   463   2.92071e-08   696 100             929   3.38629e-08
231   3.9844e-08    464  35.1882        697   8.48579e-09   930  11.8822
232   4.63843e-09   465   1.01043       698  24.3431
233   4.05236e-08   466   2.40225e-08   699   1.0055e-07
;


 
