

*************************************************************

   NEOS Server Version 5.0
   Job#     : 48796
   Password : mpAHoDCN

   Disclaimer:

   This information is provided without any express or
   implied warranty. In particular, there is no warranty
   of any kind concerning the fitness of this
   information  for any particular purpose.
   
   PLEASE DO NOT RELOAD THIS PAGE.
*************************************************************
Running:
job#  48775  milp  XpressMP AMPL  submitted  12/3 20:06 started  12/3 20:06 on neos-2.chtc.wisc.edu  
job#  48788  nco   LOQO     AMPL  submitted  12/3 20:23 started  12/3 20:25 on neos-2.chtc.wisc.edu  
job#  48792  cp    KNITRO   AMPL  submitted  12/3 20:29 started  12/3 20:31 on neos-2.chtc.wisc.edu  

Queued:
job#  48795  nco   LOQO     AMPL  submitted  12/3 20:36
job#  48796  nco   LOQO     AMPL  submitted  12/3 20:37

Job 48796 sent to neos-1.chtc.wisc.edu
password: mpAHoDCN
---------- Begin Solver Output -----------
Executing /opt/neos/Drivers/loqo-ampl/loqo-driver.py at time: 2011-12-03 20:39:33.445255
File exists
You are using the solver loqo.
Executing AMPL.
processing data.
processing commands.

930 variables, all nonlinear
1 constraint, all linear; 930 nonzeros
	1 equality constraint
1 nonlinear objective; 930 nonzeros.

LOQO 6.07: optimal solution (34 QP iterations, 100 evaluations)
primal objective 9149.424087
  dual objective 9149.424156
digit 3
a [*] :=
  1   1.40494e-07   234  28.1088        467   4.06206e-08   700  22.5417
  2   4.67442e-08   235   1.27941e-07   468  88.1577        701   8.08321e-08
  3   3.92985e-08   236   3.96543e-08   469   1.78934e-08   702   7.93699e-08
  4   1.75808e-08   237  20.4884        470   1.98442e-07   703  98.6638
  5   1.38288e-07   238   1.64268e-07   471  42.9254        704  69.3778
  6   1.33796e-08   239 100             472   2.67692e-08   705   4.75363e-07
  7  21.8631        240 100             473   1.76702e-08   706  16.5053
  8   2.77044e-08   241   1.27566e-08   474   2.01323e-08   707   7.07701e-08
  9   1.1593e-07    242   3.04961e-07   475   1.99499e-07   708   6.26866
 10   2.77473e-08   243   0.000379455   476   7.65243e-08   709   7.89689e-07
 11   3.62733e-08   244  51.6774        477   6.35503e-08   710   4.07242e-08
 12   3.24587e-08   245   9.32868e-09   478   1.86004e-08   711   5.72435e-08
 13   1.76541e-08   246   3.81967e-08   479   4.11835e-07   712   5.95353e-08
 14   1.93025e-08   247   7.26815e-08   480  13.7439        713   3.2171e-06
 15   4.32765e-08   248   2.35637e-08   481  20.5102        714   6.80921
 16   3.17748e-08   249  28.2736        482 100             715  30.5152
 17   3.72374e-08   250   1.37826e-07   483  79.3844        716   7.95402e-08
 18   1.84855e-08   251  34.9874        484   5.54636e-08   717   2.53872e-08
 19   9.40768e-07   252  30.0887        485   1.84151e-08   718   1.33803e-07
 20   1.84567e-08   253   3.76444e-08   486   2.21271e-08   719   1.21757e-07
 21   1.23362e-08   254   9.01498e-08   487   1.36097e-08   720 100
 22   3.24438e-07   255   4.18293e-08   488   2.19198e-08   721   4.92629e-08
 23   1.18107e-07   256  31.5018        489   3.05219e-08   722   1.08315e-07
 24   4.99198e-07   257   1.14713e-07   490 100             723   5.08214e-08
 25   3.1948e-08    258   7.63372e-07   491   1.98442e-07   724   2.58229e-07
 26  33.3186        259   2.68788e-08   492   2.19198e-08   725   6.24642e-08
 27   6.91015e-08   260   3.30301       493  96.4437        726   5.43301e-08
 28   3.61763e-08   261   7.01683       494  42.9784        727  13.7138
 29   1.25317e-07   262   1.08307e-08   495  90.7306        728   3.18547e-08
 30   1.25317e-07   263   2.64164e-08   496   4.55609e-08   729   2.85582e-08
 31   9.90698       264 100             497  28.5688        730   1.15105e-07
 32   2.696e-08     265   1.69504e-08   498   1.73279e-08   731   3.00867e-07
 33   1.37489e-07   266   5.15292e-08   499   2.41129e-08   732   6.34813
 34   1.98827e-08   267  22.7971        500   3.94537e-08   733   5.37696e-08
 35   0.994548      268   7.58149e-08   501   3.19528e-07   734   2.7437e-07
 36   9.887e-09     269  36.8902        502   2.42796e-07   735  53.7776
 37   1.74216e-08   270   3.48432e-08   503  93.2382        736 100
 38   3.89282e-08   271   1.02477e-07   504   2.20363e-08   737  16.7888
 39   6.06577e-08   272   0.0298728     505   1.3671e-06    738  50.2934
 40   6.0357        273   1.60831e-08   506   7.38068       739   7.58428e-08
 41   2.55947e-08   274   4.88411e-08   507  24.2785        740   3.6609
 42   1.24145e-08   275   7.2699        508   1.63615e-08   741   4.53581e-08
 43   1.6293e-08    276   5.35113e-08   509   1.54781e-08   742   1.10686e-07
 44   3.58228e-08   277   1.06847e-08   510   3.03008e-08   743   7.60789e-08
 45   1.03892e-08   278  26.1592        511   3.40191e-08   744  42.8527
 46   9.65884e-08   279   3.00807e-08   512   1.96993e-08   745   0.199003
 47   4.99858e-07   280 100             513   1.72621e-08   746   6.45667e-08
 48   2.06978e-08   281 100             514   1.58046e-07   747   1.55829
 49   2.36403e-08   282 100             515   4.82713e-08   748  19.9383
 50   2.651e-08     283 100             516   3.77124       749   8.64582e-08
 51   1.35957e-07   284  35.2775        517   5.46599e-08   750   4.30741e-08
 52   1.02675e-08   285  60.8713        518  23.7616        751   1.10295e-08
 53   2.64681e-08   286 100             519   1.65799e-08   752  16.6076
 54   4.98907e-08   287 100             520   1.32737e-08   753   1.01697e-08
 55   8.65885e-09   288 100             521   4.2108        754   2.89643
 56   2.17581e-08   289 100             522  31.5812        755   9.30658e-08
 57   1.48104e-08   290 100             523   9.77957e-08   756   2.66156e-08
 58   1.24727e-08   291 100             524  37.3926        757   1.62607e-08
 59   8.15602e-09   292 100             525  63.4095        758   2.21169e-08
 60   1.58875e-08   293 100             526   2.69355e-08   759   2.52176e-08
 61   4.42169e-08   294  77.4302        527  41.5884        760   3.81272e-08
 62   9.42044e-08   295 100             528   2.83337e-08   761   3.33008e-08
 63   5.72209       296 100             529   5.47337e-07   762  31.2208
 64   9.033e-08     297 100             530  36.3172        763   3.75643e-08
 65   4.26462e-07   298  51.3107        531  28.997         764   1.20046
 66   2.38855e-08   299  75.6641        532   1.58016e-08   765   3.45955e-08
 67   5.59817e-08   300   2.46243e-08   533   3.3417e-08    766   4.70017e-08
 68   3.82304e-08   301 100             534   7.27642e-08   767   5.01603e-08
 69   7.24581e-08   302 100             535  79.3339        768   2.15574e-08
 70   1.14821e-08   303 100             536   1.31195e-08   769   3.65774e-08
 71   5.95006e-09   304 100             537   0.533723      770  14.8811
 72   6.65806e-09   305 100             538   4.52767       771   2.89643
 73   2.27682e-08   306 100             539   3.58796e-08   772   2.64473e-08
 74   7.90284e-07   307 100             540   2.03397e-08   773   1.46115e-08
 75   4.46583e-08   308 100             541   1.07447e-07   774   2.26479e-08
 76   4.87775       309 100             542   2.41597e-08   775   1.00979e-07
 77   0.39749       310 100             543   3.37368e-08   776   4.43527e-08
 78   9.8525e-08    311  69.9571        544   1.18972e-07   777  37.256
 79   3.56155e-08   312 100             545  21.2252        778   2.13436e-08
 80   1.78522e-07   313 100             546   1.8257e-07    779   5.80139e-08
 81   2.80807       314   9.33023       547   4.74667e-08   780   2.42383e-07
 82  25.2001        315  47.5629        548  51.6324        781   2.1314e-07
 83   9.83999e-08   316   1.45032e-08   549  91.0906        782   1.46052e-08
 84   1.87687e-07   317  95.1505        550   8.96917e-08   783   7.03622e-08
 85   3.49387e-08   318   1.26802e-08   551   1.84099e-08   784   1.23028e-08
 86   4.04982e-08   319  30.7606        552   5.51489e-08   785   7.2295e-08
 87   1.54408e-06   320   4.39175       553   3.11052e-08   786  41.0342
 88   0.722701      321 100             554   4.60705e-08   787   2.60645e-08
 89   4.11651e-08   322   0.0195263     555   3.05019e-07   788   6.34944e-08
 90   1.83964e-08   323   2.58498e-08   556   4.0096e-08    789   4.12845e-07
 91   1.40164e-08   324   0.239788      557   3.85305       790   1.03755e-08
 92   2.97431e-08   325  52.4615        558   1.38321       791   7.88011e-09
 93   1.08562e-07   326 100             559  30.9049        792 100
 94   8.64026e-08   327   1.04495e-08   560   2.20623e-08   793  34.778
 95   2.41922e-07   328  42.3183        561   5.52192e-08   794  20.4884
 96   6.7969e-08    329 100             562   1.38593e-08   795  11.9249
 97   2.8281e-08    330  49.6005        563   2.36674e-08   796   2.66071e-08
 98   8.37654e-08   331 100             564   1.71155e-08   797   1.85201e-07
 99   7.83316e-08   332 100             565  37.1393        798   1.98537e-08
100   2.80666e-07   333   1.78375e-07   566   5.87561       799   1.88525e-08
101   7.01313       334   1.18198e-08   567   3.68098e-08   800   5.36408
102   9.34179e-08   335  32.9891        568   1.31786e-08   801   4.41271e-08
103   3.90019e-08   336   3.82594e-08   569   2.64529e-08   802   2.93367e-08
104   9.0789e-08    337  50.5091        570   2.58848e-08   803   2.29098e-08
105   6.22505e-08   338  38.4101        571   3.06052e-08   804   2.08422e-08
106   1.92456e-07   339 100             572   1.37659e-08   805   7.87641e-08
107   8.84696e-08   340 100             573   1.64972e-08   806   2.67446e-08
108   8.90726e-08   341   5.04196e-07   574   2.84823e-08   807   2.47451e-07
109   5.36135e-08   342 100             575   2.42954e-08   808   3.35784e-07
110   6.22505e-08   343 100             576   2.22108e-08   809   2.49288e-08
111   8.64026e-08   344 100             577   7.56505e-08   810   4.49202e-08
112   7.40667e-08   345 100             578   3.01094e-08   811  26.0748
113   4.65752e-08   346  91.261         579   2.85e-08      812   4.54233e-08
114   4.65752e-08   347 100             580   6.66364e-08   813   4.50101e-08
115   1.76325e-07   348 100             581   4.0469e-08    814  40.9464
116   1.94343e-07   349  34.9335        582   9.91563e-09   815   2.21531e-08
117   8.12999e-08   350   3.09118e-08   583   3.47479e-08   816   1.71431e-08
118   1.25986e-07   351 100             584   7.748e-08     817 100
119   1.25986e-07   352 100             585   2.27109e-08   818  48.6131
120   9.01151e-08   353 100             586   1.06556e-07   819 100
121   8.64026e-08   354   4.89988e-07   587   4.76878e-08   820   0.45678
122   8.64026e-08   355 100             588  26.1988        821   1.33477e-08
123   9.01151e-08   356   4.98851       589   1.56456e-08   822  52.925
124   6.22505e-08   357 100             590   1.36992e-08   823   2.80834
125   6.74327e-08   358 100             591   2.13046e-08   824   2.26422
126   1.90628e-07   359  24.6012        592  50.7017        825  14.8752
127   4.65628e-08   360  44.963         593   6.00639e-08   826   6.59285e-08
128   1.82898e-06   361 100             594   6.76178e-08   827   3.0633e-08
129   4.17977e-08   362 100             595   6.89795e-08   828  34.9364
130   7.99867e-08   363 100             596   1.3833e-08    829   8.57672
131   4.50093e-08   364 100             597   2.83002e-08   830  64.6064
132   4.15414e-08   365 100             598   6.57105e-09   831   1.32305e-08
133   6.22505e-08   366 100             599   2.35653e-08   832   1.43445e-06
134   3.08194e-08   367 100             600   1.33209e-08   833   1.38011e-07
135   3.78372e-08   368 100             601   1.66114e-08   834   9.30748
136   6.2049e-08    369 100             602   2.22241e-08   835  80.4359
137   4.09325e-08   370   2.15961       603   3.20557e-08   836  16.6739
138   4.71802e-08   371  38.9651        604   7.88324e-08   837  21.9182
139   5.89731e-08   372  36.4526        605   8.64544e-09   838  48.2135
140   2.90288       373   4.79993e-08   606   9.73847e-09   839   6.69937e-08
141   2.39039e-08   374   8.47827e-08   607   9.4602e-09    840   2.93523e-08
142  54.3731        375   6.23658e-08   608   8.08162e-08   841   3.74261e-08
143   6.22505e-08   376   1.43932e-08   609   1.25389e-08   842  30.9158
144   1.02054e-07   377   1.79903e-08   610   3.60747e-08   843  27.4858
145   5.99805e-08   378   4.41174e-08   611   1.77874e-08   844   1.19384e-08
146   5.99805e-08   379   1.99941e-07   612  20.0061        845   1.13746e-08
147   4.33069e-08   380   4.89153e-08   613   1.34925e-08   846   1.44676e-08
148   2.87349e-08   381   1.10775e-07   614   9.57512e-09   847   3.48312e-08
149  52.3256        382   1.92207e-08   615   1.608e-08     848   4.42543e-08
150   4.25352e-08   383   3.63389e-08   616   7.94368e-09   849   2.31485e-08
151   5.0236e-08    384   1.31522e-08   617   9.06839e-09   850  63.1358
152   6.43239e-08   385   5.75823e-08   618  72.7366        851   2.90107e-08
153   1.25986e-07   386   3.91417e-08   619   1.31112e-07   852  14.2735
154   1.28166e-07   387  14.0707        620   3.02297e-08   853   4.25537e-08
155   7.91509e-08   388   4.86511e-08   621   2.59061e-08   854   2.79077e-08
156   8.64368e-08   389   5.46857e-08   622   2.84307e-08   855  81.2458
157   9.01151e-08   390   9.81365e-08   623   2.85619e-08   856   2.90369e-08
158   9.01151e-08   391   1.48548e-08   624   2.3654e-08    857   1.42762e-08
159   6.8889e-08    392   2.4019e-08    625   1.52492e-08   858   2.75002e-08
160   1.88412e-07   393   3.49733e-08   626   1.50089e-07   859   1.57099e-07
161   4.71615e-08   394   9.53676e-08   627   3.34843e-08   860   2.80631e-08
162   5.36461e-08   395   5.86379e-08   628   8.18826e-09   861   2.12562e-07
163   3.5771e-07    396   3.78768e-08   629   1.16805e-08   862  28.48
164   8.64368e-08   397   1.88996e-08   630   5.15937e-08   863   4.51566e-08
165   1.90786e-08   398   2.30109e-08   631   3.58683e-08   864   2.37795e-08
166   3.84496e-08   399   2.15807e-08   632   1.71511e-08   865   6.23127
167   5.37798e-08   400   3.29974e-08   633   3.89084e-08   866   1.78073e-06
168   5.49468e-08   401   0.86313       634   3.01559e-08   867   3.77064
169   3.63171e-08   402   3.86584e-08   635   1.61885e-08   868  91.4849
170   6.77201e-08   403   2.63302e-08   636   3.21566e-08   869   7.96513e-06
171   8.94276e-08   404   3.09948e-08   637   4.1295e-07    870   2.25889e-08
172   7.82844e-08   405   3.09948e-08   638   1.59256e-08   871   7.13141e-08
173   6.22505e-08   406   2.22707e-08   639   1.86767e-08   872   3.877e-08
174   6.22505e-08   407   4.44334e-08   640   3.3104e-08    873  22.7815
175   8.64368e-08   408   6.00185e-08   641   4.53482e-08   874   4.01668e-08
176   8.5804e-08    409   7.99067e-08   642   3.06503e-08   875   3.1827e-08
177  14.2331        410   1.9399e-08    643   5.74316e-08   876   3.78371e-08
178  78.1468        411   2.12681e-07   644 100             877   2.8106e-08
179   9.18789e-08   412   3.3494e-08    645 100             878   9.16713e-08
180   4.34756e-08   413   9.08432e-09   646   6.55855e-08   879   1.44267e-08
181   8.64368e-08   414   4.00735e-08   647   1.68071e-08   880   1.29826e-08
182   8.64026e-08   415   2.15779e-08   648   1.54352e-08   881   7.91966e-08
183   3.26309e-07   416   1.84841e-07   649   2.28427e-08   882   1.78073e-06
184   8.64026e-08   417   1.84841e-07   650   1.80534e-08   883   2.31148e-08
185   6.22505e-08   418   7.14403e-08   651   8.93045e-09   884   1.27002e-08
186   9.0789e-08    419   7.14403e-08   652 100             885  99.9999
187  10.3639        420   1.03125e-08   653  22.2226        886   1.58409e-08
188   3.37347e-08   421   1.6987e-08    654 100             887   9.55882
189   2.56951e-08   422   5.26491e-08   655   1.32002e-07   888   1.01173e-07
190   2.56703e-08   423   6.63478e-08   656   5.66644e-08   889   4.00768e-08
191  24.1938        424   3.74178e-08   657   2.78627e-08   890   4.04001e-08
192   2.84132e-08   425   1.61788e-08   658   1.36412e-06   891   1.29438e-08
193   2.24393       426   6.3433e-08    659   3.89025e-08   892   1.9808e-08
194  30.5169        427   2.94293e-08   660   2.82482e-08   893   7.21831e-08
195  15.2948        428   1.34762e-08   661   4.38217e-08   894   1.37994e-07
196   6.93474e-08   429   1.16001e-08   662   4.89087e-08   895   7.73027e-08
197  31.5367        430  23.4182        663   1.36665e-07   896   6.44611e-08
198   2.99499       431   4.66771e-08   664   2.95264e-08   897   3.49515e-07
199   1.53747e-08   432   6.37946e-08   665   4.97313e-08   898   4.05138e-07
200   3.45674e-08   433   2.18823e-08   666 100             899   2.24144e-08
201  59.5556        434   3.09224e-08   667   7.28591e-08   900   1.69878e-08
202   1.74684e-07   435   4.51176e-08   668   8.38454e-08   901   2.3974e-06
203  84.421         436   5.10294e-08   669   1.04521e-07   902   1.41326e-07
204   1.38037e-07   437   3.36529e-08   670  31.4333        903  54.5306
205   3.00095e-08   438   6.39066e-08   671   4.88059e-08   904   2.74695
206   9.36938e-08   439   1.81471e-07   672   3.56175e-08   905   2.48666e-08
207   7.30207       440   6.7365e-08    673   4.90741e-08   906   4.58448e-08
208  91.9813        441   8.10822e-07   674  39.5974        907   3.00291e-08
209   2.05276e-07   442   1.57346e-08   675   6.15757e-08   908   1.93359e-08
210  50.4985        443   1.11668e-07   676   1.27294e-07   909   3.4206e-08
211   6.33606e-08   444  74.1911        677   2.90746e-08   910   3.17623e-08
212 100             445   2.93701e-08   678   0.109515      911  11.5303
213 100             446   2.31384e-08   679   9.74503       912  11.1219
214  16.5363        447   3.64354e-07   680 100             913   3.64106e-08
215   1.06439e-07   448   2.5126e-08    681   9.184e-08     914   1.41231e-08
216   4.30374e-06   449   1.45936e-08   682   3.69948e-08   915   5.89093e-08
217   1.91564e-08   450   1.16936e-08   683   4.05513e-08   916   2.36315e-08
218   2.16515e-08   451   7.28024e-08   684   8.35584e-08   917  30.3131
219   6.53564       452   2.90004e-08   685   5.15451e-08   918   5.58033e-08
220  50.1598        453   2.48003e-08   686   8.19984e-08   919   0.340771
221   7.53932e-08   454   2.6127e-08    687   3.1019e-08    920   0.340771
222 100             455   1.24499e-07   688   6.92026e-08   921   1.72243e-07
223   3.4485e-08    456   6.48645e-08   689   2.14523e-08   922   5.81446e-08
224   1.0762e-07    457   1.80472e-07   690   4.52334e-08   923   1.1911e-07
225  20.9077        458   4.14368e-08   691   6.96024e-08   924   4.18881e-07
226   0.845912      459   2.8492e-08    692  44.3622        925   4.98093e-08
227   5.72605e-08   460   5.24798e-08   693   2.16886e-08   926   9.72114e-08
228  33.7964        461   2.10788e-08   694   1.78095e-07   927   1.94468e-08
229   1.19264e-08   462   2.79353e-08   695   6.70596e-07   928   2.40888e-08
230  34.3888        463   4.40825e-08   696  18.069         929   2.89964e-08
231   4.04321e-08   464   1.31497e-07   697   1.97563e-08   930   6.43786e-07
232   9.09026e-09   465   3.0621e-07    698  60.1944
233   4.80329e-08   466   5.19922e-08   699   5.14351e-08
;

