*************************************************************

   NEOS Server Version 5.0
   Job#     : 48803
   Password : czIfgVqm
   Solver   : nco:LOQO:AMPL
   Start    : 2011-12-03 20:50:37
   End      : 2011-12-03 20:51:44
   Host     : neos-1.chtc.wisc.edu

   Disclaimer:

   This information is provided without any express or
   implied warranty. In particular, there is no warranty
   of any kind concerning the fitness of this
   information  for any particular purpose.
*************************************************************
Job 48803 sent to neos-1.chtc.wisc.edu
password: czIfgVqm
---------- Begin Solver Output -----------
Executing /opt/neos/Drivers/loqo-ampl/loqo-driver.py at time: 2011-12-03 20:50:37.565832
File exists
You are using the solver loqo.
Executing AMPL.
processing data.
processing commands.

930 variables, all nonlinear
1 constraint, all linear; 930 nonzeros
	1 equality constraint
1 nonlinear objective; 930 nonzeros.

LOQO 6.07: optimal solution (39 QP iterations, 115 evaluations)
primal objective 8096.938381
  dual objective 8096.938417
digit 6
a [*] :=
  1   1.82632e-08   234   1.52703e-08   467  46.1447        700   1.78337e-08
  2   2.39515e-08   235   5.35035e-09   468   4.6869e-06    701   1.63105e-08
  3   2.75471e-08   236   8.27129       469   8.36953e-07   702   1.61275e-08
  4   2.27015e-07   237  12.0465        470   6.88034e-08   703   2.18275e-08
  5   5.44574e-08   238   1.50159e-08   471   9.70085e-09   704   1.51885e-08
  6   1.24023       239   1.41373e-08   472   7.27458e-08   705   1.59505e-08
  7  30.0494        240   2.16954e-08   473  88.5602        706   4.9156e-07
  8   7.97967e-09   241   3.85141e-08   474   1.24689e-08   707   8.32591e-09
  9  22.3931        242   1.14352e-08   475   9.99912e-08   708   1.63557e-08
 10  28.3469        243   4.3616e-08    476  99.9725        709   1.45139e-08
 11   1.15246e-06   244 100             477 100             710   2.21891e-08
 12  32.6925        245   1.20576e-08   478   1.69151e-08   711   1.30979e-08
 13   1.33114e-06   246  44.7959        479   2.56699e-08   712   1.37156e-08
 14   5.78616e-08   247   4.14088e-08   480   2.48175e-08   713   1.95046e-08
 15   5.02344e-08   248   2.9724e-08    481   2.47475e-07   714   1.85294e-08
 16   3.77454e-07   249   3.79223e-08   482   3.91003e-08   715   1.53321e-08
 17   5.87145e-07   250   5.57242e-07   483   2.79773       716   1.68825e-08
 18   4.20172e-08   251   1.47488e-07   484   1.43871e-06   717   2.64261e-08
 19  15.13          252   6.38748e-08   485  28.5819        718   1.81568e-08
 20   4.76603e-08   253 100             486   3.85756e-07   719   2.11549e-08
 21   9.10815       254   4.39286e-08   487  89.8041        720   2.64644e-08
 22   1.06648       255  18.4679        488   7.38081e-08   721   9.23687e-09
 23   5.00086e-08   256   3.42448       489   9.52392e-09   722   9.56584e-09
 24   3.0505e-07    257   4.67619e-08   490   8.53141e-06   723   1.19296e-08
 25   9.62084e-08   258   9.1199e-09    491   6.88034e-08   724   1.94884e-07
 26   5.91966e-07   259  91.1189        492   7.38081e-08   725   2.27149e-08
 27  30.4711        260   2.05717e-08   493  61.2564        726   1.17432e-08
 28   6.27071e-08   261   1.69621e-08   494   4.11189e-08   727   2.77234e-08
 29  15.6346        262   6.50776e-08   495  31.4025        728   6.29824
 30  15.6346        263   7.13517e-08   496   9.40931e-09   729  61.1036
 31   2.2138e-08    264  20.8249        497   2.05872e-08   730   4.63435e-08
 32   6.68398e-08   265   5.90013       498   4.65208e-07   731   3.59124e-08
 33   4.12316e-08   266   5.19386e-08   499   1.54283e-08   732   7.23418e-08
 34   2.00638e-08   267   1.3599e-07    500   5.60015e-09   733   2.09585e-07
 35  29.2984        268   3.80048e-08   501  17.1884        734   2.05103e-08
 36  42.639         269   4.57994       502   4.24023e-08   735   6.12253e-09
 37   5.89336e-07   270  18.189         503  12.1088        736   1.203e-08
 38   1.25092       271   1.96071e-08   504   5.41212       737   3.60449e-08
 39   3.83745e-08   272   1.05717e-07   505   3.34048e-08   738   4.51723e-08
 40   9.53903e-08   273   1.58058e-08   506   8.46461e-07   739   1.55971e-08
 41   2.745e-07     274   1.16434e-07   507   4.0791e-08    740   1.76992e-08
 42   1.22994e-07   275   2.1111e-08    508   1.13436e-08   741   3.26618e-08
 43   1.23206e-08   276   1.89246e-08   509   4.44334e-08   742   1.85777e-08
 44   5.28582e-06   277   1.40923e-08   510   2.53877e-08   743   1.50519e-08
 45  42.0228        278   1.54458e-08   511   1.1159e-08    744   2.76633e-08
 46   2.9181        279   1.87386       512   7.86051e-09   745   8.6248e-08
 47   9.81212       280   1.14978e-08   513  61.5478        746 100
 48   1.2811e-08    281   6.61989e-08   514   2.14486e-08   747   1.34688e-08
 49  14.26          282  48.0559        515  17.3367        748   1.70784e-08
 50   1.24479e-06   283   3.25484e-08   516   2.35921e-08   749  16.9786
 51  36.1201        284   1.61079e-08   517   2.91623e-07   750   8.04606
 52   4.74946       285   2.64661e-08   518  53.9479        751   4.08815
 53   1.31569e-08   286   2.8091e-08    519  66.1522        752   7.99517e-08
 54   1.27822e-08   287   1.03083e-08   520   3.49524e-08   753   6.89602e-09
 55  27.9869        288   1.74739e-08   521   4.54096e-08   754   8.56831e-09
 56  11.1371        289   2.31903e-08   522  11.5276        755  17.6993
 57   2.70403e-08   290   3.85523e-08   523   1.19058e-08   756   2.02014e-07
 58   2.74326e-08   291   1.76933e-08   524   8.70604e-09   757   1.16226e-08
 59   1.12512e-08   292   3.49811e-07   525   1.81536e-07   758  19.5104
 60   3.07419e-07   293   1.3969e-08    526 100             759  15.3183
 61   1.62352e-08   294   1.20172e-08   527   2.96702e-08   760  48.2864
 62   2.93153e-08   295   6.10651e-08   528   1.10868e-08   761   6.67208e-08
 63   6.29815e-08   296   7.36669e-08   529   3.4896e-08    762   2.35118e-08
 64  45.9315        297   1.46541e-07   530   6.47284e-08   763   2.09356e-08
 65   3.63522e-07   298   2.88669e-08   531   1.22195e-08   764   5.08346e-06
 66   9.24418e-08   299   1.79978e-08   532   9.28275e-09   765   1.27779e-08
 67   5.50844e-08   300   1.50942e-08   533  17.6143        766   2.212e-08
 68   1.28311e-08   301   2.20512e-08   534   7.56565e-08   767   2.2336e-08
 69  16.7654        302   8.67247e-08   535   1.25104e-08   768   1.17594e-07
 70   1.04711e-08   303  12.8675        536   1.26418       769   2.48507e-08
 71   2.22145e-08   304   1.36577e-08   537   2.38253e-08   770   8.93129e-09
 72  25.3533        305   0.883305      538   1.64409e-08   771   8.56831e-09
 73   2.08565e-08   306   4.22105e-08   539   5.00718e-08   772   4.6043e-08
 74   1.28016e-08   307   7.24555e-08   540   3.1956e-08    773 100
 75  93.9742        308   9.61764e-08   541   8.48809e-09   774  49.1433
 76   1.31986e-07   309   2.27049e-08   542   1.0392e-08    775   8.11991e-09
 77   2.69415e-08   310   6.27752e-08   543 100             776   1.56308e-08
 78 100             311   1.18276e-07   544   1.48964e-07   777   9.99478e-08
 79   9.28633e-09   312   5.19491e-07   545   8.81758       778   6.91432e-09
 80   6.7531e-08    313   7.68798e-09   546   7.0779e-08    779   7.15276e-09
 81   2.07547e-07   314   3.34065       547  82.8288        780  93.9939
 82   6.39119e-08   315   1.08823e-08   548  38.1518        781   1.81141e-08
 83  59.8894        316   1.99048e-08   549   2.07013e-08   782   3.33718e-06
 84   8.88466e-09   317   2.63354e-08   550   6.55451e-08   783   1.42129e-08
 85   2.29051e-08   318   1.75694e-08   551   2.18267e-08   784   8.41096e-09
 86   2.37013       319   4.44567e-08   552   1.57237e-08   785   1.67315e-08
 87   1.87749       320   2.39232e-08   553   4.22923e-08   786   1.26335e-07
 88   4.36447e-07   321   1.23561e-08   554   2.36927e-07   787   3.29802e-08
 89  15.9237        322   3.14908e-08   555   2.53725e-08   788   1.47663e-08
 90   1.90766e-08   323   1.75977e-08   556   1.45927e-07   789  17.4816
 91   1.78906e-08   324   9.02172e-09   557   1.26872e-08   790   1.58293e-08
 92   1.90664       325   1.12469e-08   558   1.57622e-08   791   3.06942e-08
 93   1.9267        326   1.27484e-08   559  98.2           792   2.18818e-08
 94   1.11455e-07   327   1.03056e-08   560   6.73218e-08   793   9.31561e-07
 95   7.79455e-08   328   1.29556e-06   561 100             794  12.0465
 96  35.3585        329   4.43018e-08   562 100             795   1.28688e-08
 97   1.25531e-08   330   1.3467e-08    563  10.242         796   1.7834e-08
 98   1.16693e-08   331   1.87829e-08   564 100             797 100
 99   7.11824e-08   332   1.27206e-06   565 100             798   1.51677e-08
100   2.86458e-07   333   2.63243e-08   566  75.8652        799   1.42139e-08
101   7.77987e-08   334   9.31318e-09   567  25.1216        800   1.89618e-08
102   4.11431e-08   335   3.20853e-06   568   2.07058e-06   801   8.96995e-09
103  96.0507        336   9.92191e-09   569  69.8364        802   9.30616e-09
104   3.52044e-08   337   1.28358e-08   570 100             803  16.811
105   2.43921e-07   338   6.52654e-09   571 100             804   3.51859e-08
106   8.34008e-08   339   2.86482e-08   572  46.3129        805   4.35584e-08
107  76.7189        340   7.88307e-09   573 100             806   1.47574e-08
108  18.1683        341   1.18954e-08   574 100             807   1.21606e-08
109   1.59247e-07   342   2.54119e-08   575 100             808  61.6074
110   2.43921e-07   343  30.1902        576 100             809 100
111   1.11455e-07   344   3.53634e-08   577  74.2779        810 100
112  14.7579        345  78.3216        578  90.724         811   2.29298e-08
113   9.1994e-08    346   6.611e-08     579  53.8369        812   7.3166
114   9.1994e-08    347   1.22393e-08   580 100             813 100
115   5.67794e-08   348   1.52982e-08   581 100             814   1.32749e-08
116   1.65475e-07   349   1.23511e-08   582   1.24362e-07   815   5.69581e-08
117   1.03991e-07   350   2.57841e-08   583 100             816   1.42809e-08
118   2.52798e-07   351   1.61838e-08   584 100             817   5.92482e-09
119   2.52798e-07   352   1.40088e-08   585 100             818  38.813
120   3.82837e-07   353   8.39814       586 100             819   2.9863e-08
121   1.11455e-07   354   4.25232e-08   587  76.2032        820  13.5527
122   1.11455e-07   355   1.2418e-08    588 100             821  13.1747
123   3.82837e-07   356   4.12138e-08   589   3.6888e-08    822   8.07735e-09
124   2.43921e-07   357   2.4141e-08    590  19.4391        823   1.31099e-08
125 100             358   6.3323e-09    591 100             824   1.98776e-08
126   8.60256e-08   359   2.79639e-08   592 100             825   1.28148e-08
127   4.33482e-08   360   2.36732e-08   593  42.6278        826   2.16123e-08
128   5.69447e-08   361   2.39687e-08   594 100             827   2.0527e-08
129   9.71709e-08   362   2.00652e-06   595  83.6052        828   4.12858e-09
130   1.19816e-08   363   6.95698e-09   596 100             829   7.52807e-09
131 100             364   1.58385e-08   597   1.25417e-07   830   1.42433e-08
132  85.3436        365   5.49177e-08   598   4.14708e-09   831  91.4691
133   2.43921e-07   366   4.65656e-08   599   8.02732e-09   832   1.01923e-08
134   2.17737e-08   367   2.22738e-08   600   6.37461e-08   833  12.813
135   4.16559e-08   368   4.78575e-08   601   2.76893       834   2.69763e-08
136   4.42171e-08   369   2.87517e-08   602 100             835   2.48543
137   4.2798        370   9.19993e-09   603  15.0791        836   9.01567e-08
138   3.13526e-08   371   4.25311e-08   604 100             837  10.4972
139   2.7241e-08    372   2.63788e-08   605   8.30813e-08   838   3.00057e-08
140   2.32428e-08   373   2.38738e-08   606   2.55841e-08   839   1.14475e-08
141   7.98099e-08   374   4.0584e-08    607  76.6562        840   5.76383e-09
142   4.76596       375  22.7481        608  52.1289        841   5.47993e-08
143   2.43921e-07   376   5.6826e-08    609  24.0435        842   8.03168e-09
144  65.8156        377   4.98411       610  76.5073        843   3.61589e-08
145  10.9927        378   7.2032e-08    611 100             844  41.3925
146  10.9927        379  38.1198        612  22.5963        845   3.73922
147   1.42719e-08   380   1.04371e-08   613   3.63115e-08   846   1.26207e-08
148   2.09236e-08   381   1.61506e-08   614   1.66157e-07   847   1.22538e-08
149   1.20426e-08   382 100             615   8.61912e-09   848   1.26443e-08
150   1.01136e-08   383  37.567         616  64.4435        849   2.7375
151   2.1148        384   3.7919e-08    617  88.0414        850   5.54384e-08
152   1.70843e-07   385   5.20904e-08   618 100             851   1.19497e-08
153   2.52798e-07   386   2.99885e-08   619 100             852   6.21449e-09
154   1.07531e-07   387   1.07374e-08   620  73.5706        853   8.80102e-08
155   1.24537e-06   388   1.15983e-08   621  59.9817        854   3.89481e-08
156   1.55062e-07   389   1.37509e-08   622 100             855   3.37732e-08
157   3.82837e-07   390   1.1799e-08    623 100             856   2.25165e-08
158   3.82837e-07   391   2.0217e-08    624 100             857   8.26469e-09
159   4.68548e-07   392   2.7036e-08    625  49.2887        858   1.50086e-08
160   1.4658e-07    393   1.61885e-08   626 100             859   1.32012e-08
161   5.23292e-08   394   8.6615e-09    627  83.4724        860   1.17096e-08
162 100             395   1.82811e-08   628   4.82581e-09   861   1.36504e-08
163   1.29441e-08   396   8.32469e-08   629   1.06367e-08   862   1.49995e-08
164   1.55062e-07   397   4.0626e-08    630 100             863   2.3444e-08
165   1.57785e-07   398  26.0233        631 100             864   2.10465e-08
166  11.8021        399   5.01767e-08   632 100             865   1.943e-08
167  37.0845        400   4.73509e-08   633 100             866   1.05872e-08
168   3.56103e-07   401   2.47393e-08   634  48.493         867   1.31771e-08
169   8.81412e-08   402   1.64154e-08   635  14.9692        868   1.03711e-08
170   3.55954e-07   403   1.07173e-08   636 100             869   2.58454e-08
171   3.20973e-08   404   1.54771e-08   637 100             870   1.47073e-08
172   3.13748e-06   405   1.54771e-08   638  45.2885        871   9.51148e-09
173   2.43921e-07   406   5.39895e-09   639  33.1412        872   1.30277e-08
174   2.43921e-07   407   7.20032e-09   640 100             873   2.45574e-08
175   1.55062e-07   408   1.34113e-08   641 100             874   1.40695e-08
176   9.05505e-07   409   1.51483e-08   642   2.65768e-08   875   6.97995e-09
177   3.52726e-08   410   1.25669e-08   643 100             876   1.47922e-08
178   5.38525e-08   411   1.52169e-08   644 100             877   1.52576e-08
179   6.29958e-08   412   1.38681e-08   645 100             878   1.17543e-08
180   4.29765e-08   413  18.3917        646 100             879   1.02115e-08
181   1.55062e-07   414   8.67674e-09   647 100             880   9.15412e-09
182   1.11455e-07   415   1.86784e-08   648   2.09308e-08   881   7.85116e-09
183   4.08831e-08   416   3.34999e-08   649 100             882   1.05872e-08
184   1.11455e-07   417   3.34999e-08   650  41.0082        883   6.80161e-09
185   2.43921e-07   418   7.28754e-08   651   8.85947e-09   884   1.61683e-08
186   3.52044e-08   419   7.28754e-08   652   2.10545e-08   885   2.55378e-08
187  40.981         420   1.03411e-08   653   2.16456e-08   886   5.5486e-09
188  68.8828        421   1.00516e-08   654   1.97649e-08   887   4.1567e-08
189   7.06894       422  13.9502        655   1.32639       888   2.63555e-08
190   2.15936       423  67.0329        656   1.36059e-07   889   1.85841e-08
191   2.97321e-08   424  39.519         657   4.43002e-08   890   3.26628e-08
192   2.01953e-08   425   2.46954e-08   658   1.83154e-08   891   1.052e-08
193  12.1302        426   1.02803e-08   659   1.07528e-08   892   7.52807e-09
194   1.30314e-08   427   2.36106e-08   660   1.06455e-08   893   6.53241e-09
195 100             428  16.4575        661   3.89711e-08   894   7.0395e-09
196   2.90042e-08   429   2.55867       662   2.21677e-08   895   7.70719e-09
197   4.86377e-08   430   3.52524e-08   663   2.01373e-08   896   8.53408e-09
198   3.1475e-08    431   8.92657e-09   664   1.28155e-08   897   5.13085e-08
199   2.15123e-08   432   2.20849e-08   665   1.46459e-08   898   1.45159e-08
200   2.00375e-08   433   1.95713e-08   666   1.5347e-08    899   1.82223e-08
201   6.07908e-08   434   1.69009e-08   667   2.1719e-07    900   1.16465e-08
202   0.715794      435   4.49814e-08   668   1.52832e-07   901   1.35067e-08
203   1.27335e-07   436  69.8922        669   2.14554e-07   902   1.55418e-08
204  10.2917        437 100             670   2.35693e-08   903   4.92312e-08
205   1.62879e-07   438   7.19747e-08   671   1.50593e-08   904   9.8138
206   6.26698e-08   439  46.4002        672   3.28604e-08   905   8.59213e-09
207   7.50489e-08   440   2.07062       673   2.74164e-08   906   1.07588e-08
208   2.30816e-08   441 100             674   9.30783e-09   907   6.67195e-09
209   4.78989e-08   442   1.0779e-08    675   2.84926e-08   908   1.2881e-08
210   2.76475e-08   443   3.471e-08     676   1.67582e-08   909   1.19959e-08
211   1.55431e-08   444   1.33458e-08   677   1.5807e-08    910   8.56869e-09
212   1.36464e-08   445   1.24189e-08   678   2.51799e-08   911   1.20215e-07
213   3.02514e-08   446   8.21843e-09   679   1.36715e-08   912   8.61373e-09
214   2.05762e-07   447   2.33949e-08   680   2.53308e-08   913   1.57431e-08
215   3.15507e-08   448   3.64738e-08   681   3.35623e-08   914   1.1183e-08
216   3.50526e-08   449   2.40679e-08   682   1.81248e-08   915   7.62125e-09
217   4.04863e-08   450 100             683   1.8537e-08    916   1.05686e-08
218   1.40007e-08   451   9.18941e-09   684   1.64868e-08   917   1.81582e-08
219   1.88425e-08   452   2.31301e-08   685   8.8118e-09    918   2.0027e-08
220   3.35749e-08   453   1.27556e-08   686   6.749e-09     919   2.04746e-08
221   1.21823e-08   454   1.33831e-07   687   1.09067e-08   920   2.04746e-08
222   1.44508e-08   455  49.7636        688   2.60877e-08   921   1.32446e-08
223   1.21718e-08   456   8.40595e-09   689   4.61227e-08   922   7.02573e-09
224   5.48783       457   9.50377e-09   690   2.91572e-08   923   2.84628e-08
225   2.36332e-08   458  90.6407        691   1.48344e-08   924   2.54063e-08
226   2.4275e-07    459 100             692   1.06819e-08   925   1.29584e-08
227   5.49427e-07   460   8.73654e-08   693   4.77091e-08   926   1.47345e-08
228   4.94077e-08   461   2.55282e-08   694   1.453e-08     927   8.30303e-09
229   3.05991e-08   462  20.4586        695   9.97548e-09   928   1.26994e-08
230   7.83663       463   5.68557e-08   696   5.32977e-09   929   1.93762e-08
231   1.4277e-08    464   2.44065e-08   697   9.83679e-09   930   9.69614e-08
232   3.23721e-08   465   1.39632e-05   698   1.06591e-08
233   1.99523e-08   466 100             699   1.3657e-08
;


