

*************************************************************

   NEOS Server Version 5.0
   Job#     : 48798
   Password : tAEoyvUl
   Solver   : nco:LOQO:AMPL
   Start    : 2011-12-03 20:40:56
   End      : 2011-12-03 20:42:00
   Host     : neos-1.chtc.wisc.edu

   Disclaimer:

   This information is provided without any express or
   implied warranty. In particular, there is no warranty
   of any kind concerning the fitness of this
   information  for any particular purpose.
*************************************************************
Job 48798 sent to neos-1.chtc.wisc.edu
password: tAEoyvUl
---------- Begin Solver Output -----------
Executing /opt/neos/Drivers/loqo-ampl/loqo-driver.py at time: 2011-12-03 20:40:56.471325
File exists
You are using the solver loqo.
Executing AMPL.
processing data.
processing commands.

930 variables, all nonlinear
1 constraint, all linear; 930 nonzeros
	1 equality constraint
1 nonlinear objective; 930 nonzeros.

LOQO 6.07: optimal solution (36 QP iterations, 106 evaluations)
primal objective 7672.690053
  dual objective 7672.690087
digit 5
a [*] :=
  1   1.52163       234   4.9786        467 100             700   2.02801e-08
  2   3.01776e-08   235  21.6696        468 100             701  29.0746
  3   2.97337e-08   236   9.26146e-09   469   2.01643e-08   702   1.91451e-08
  4   2.2495e-08    237   1.24326e-08   470  17.2406        703   2.29432e-08
  5   7.98548e-09   238   2.52331e-08   471  82.3289        704   2.17564e-08
  6   1.13417e-08   239   1.43294e-08   472 100             705   3.43187e-08
  7   5.15577e-08   240   1.65856e-08   473  51.653         706   3.22028e-08
  8   1.64042e-07   241   2.24373e-08   474  10.6702        707   1.6294e-08
  9   4.51547e-08   242   7.30889e-09   475  36.2888        708   1.61065e-08
 10   0.505649      243   5.87203e-09   476 100             709   1.25745e-08
 11   5.57542e-07   244  10.2465        477 100             710   1.45374e-08
 12  19.7592        245   1.96142e-08   478   8.07902       711   4.19394e-08
 13   1.49591e-08   246   4.16231e-08   479 100             712   5.58972e-08
 14   1.26282e-08   247   9.74218e-07   480   8.27219       713   9.46525
 15   1.45569e-08   248  21.6947        481 100             714   1.76192e-08
 16   4.59293e-06   249   1.20152e-08   482 100             715   3.03429e-08
 17   0.242339      250   1.8992e-07    483 100             716   3.28219e-08
 18   6.51172       251  12.0024        484 100             717  20.815
 19   1.52513e-08   252   3.60285e-08   485  71.2809        718  17.3158
 20   0.096156      253   1.88389e-08   486 100             719   2.50558e-08
 21   1.35223e-08   254   7.60698e-08   487   5.44864e-08   720   1.86444e-08
 22   1.90881e-08   255   4.0152e-08    488  59.8837        721   1.36464e-08
 23  33.7206        256   1.74101e-08   489   4.59803e-08   722   7.61446e-09
 24  26.8852        257   3.06962e-08   490 100             723   1.63851e-08
 25   4.99282e-08   258   4.9715e-08    491  17.2406        724   1.09161e-07
 26   2.91188e-08   259   1.03243e-08   492  59.8837        725   1.87669e-08
 27   2.50433e-07   260   1.31485e-08   493 100             726   2.50278e-08
 28   4.97085e-07   261   1.44908e-08   494 100             727   1.74134e-08
 29   2.91861       262   1.63071e-08   495 100             728   9.04604e-08
 30   2.91861       263   1.11205e-08   496   9.19442e-09   729   3.34373e-08
 31   1.84408e-08   264   1.25918e-08   497 100             730   3.41091e-08
 32   1.79704e-08   265   2.64853e-08   498   1.07352e-07   731  24.085
 33   4.12717       266   1.81914e-08   499 100             732   0.0887676
 34  11.066         267   2.24765e-08   500   2.90617e-08   733  16.121
 35  36.0127        268   4.39228e-08   501 100             734   2.11621e-08
 36   1.41311e-07   269   3.3846        502 100             735   1.10107e-08
 37   7.84599e-09   270   2.89718e-08   503  92.6778        736   4.95293e-08
 38   5.32055e-08   271   2.10386e-08   504  32.3954        737   2.40619e-08
 39   9.3993e-08    272   1.81979e-08   505   2.57131e-08   738   4.80195e-08
 40   9.03124e-09   273   2.47025e-08   506   2.19254e-08   739  31.3864
 41  16.7681        274   8.17793       507  51.9547        740  18.9435
 42   3.12433e-08   275   1.31018e-07   508   1.44859e-08   741   3.06718e-08
 43   1.75802e-08   276   1.72437e-08   509 100             742   1.69614e-08
 44   1.03105e-07   277   1.67107e-08   510   1.17705e-07   743   1.60014e-08
 45   1.38986e-08   278   1.127e-06     511   1.27619e-08   744  50.0085
 46   1.00525e-07   279  12.2485        512   7.22624e-09   745  57.7144
 47   1.7811e-07    280   1.81878e-08   513  24.1391        746   4.2015
 48   3.55321e-08   281   5.53284e-08   514  94.1244        747   4.4935
 49   2.02409e-08   282   1.60471e-08   515  49.309         748   6.40035e-08
 50   3.62674e-08   283   3.44653e-08   516  11.9147        749   2.10418e-06
 51   7.86029e-08   284   2.22486e-08   517 100             750   3.67566
 52   3.85766e-08   285   0.406228      518 100             751   7.39639e-08
 53   5.07738e-07   286  18.5832        519 100             752   2.91526e-08
 54  10.2325        287  48.2653        520  25.877         753   4.32987
 55   6.35786e-07   288   1.73718e-08   521  24.404         754  15.845
 56   1.24727e-08   289   4.77456e-08   522  40.0351        755   6.03387e-06
 57   1.0661e-08    290  12.8463        523   1.46149e-07   756   2.866e-08
 58   3.0901e-08    291   1.9776e-08    524  97.1429        757   6.43222e-08
 59   0.140746      292   1.51424e-07   525 100             758   1.24226e-07
 60   2.02467e-08   293   4.72776e-08   526 100             759   1.165e-08
 61   4.24104e-08   294   5.69552e-08   527   1.20324       760   1.32558e-08
 62   1.37541e-08   295 100             528 100             761   2.02178e-08
 63   1.45143e-08   296   2.11282e-07   529 100             762   1.16744e-08
 64  45.523         297  69.3438        530 100             763   2.18123e-08
 65   3.00025e-06   298  17.883         531  87.6345        764  53.1403
 66  12.5628        299  15.0525        532   1.92671e-08   765   3.00253e-08
 67   1.25271e-07   300   1.1427e-08    533 100             766  46.6836
 68   2.85421e-08   301   3.31377e-08   534 100             767   9.14274e-06
 69   2.97652e-08   302  47.1098        535  52.3557        768  28.9645
 70   1.95451e-08   303  53.5247        536  57.6933        769  69.9785
 71   6.8108e-09    304   1.06793e-08   537 100             770   2.3977e-08
 72   3.44506e-09   305   3.22355e-07   538 100             771  15.845
 73   1.20439e-07   306   5.27425e-08   539 100             772   9.90257
 74   2.24631e-08   307   9.65534e-08   540   1.09926e-08   773   2.06651e-08
 75   4.55523e-08   308   5.79749e-08   541  60.6894        774   3.33825e-08
 76   9.04482e-09   309   2.9659e-06    542   3.15884e-08   775  34.6084
 77   2.15583e-06   310  64.4141        543 100             776   2.99026e-08
 78   2.56978e-08   311   0.000329738   544 100             777   6.01339e-08
 79   1.39987       312  21.521         545 100             778   3.34619e-08
 80   4.89168e-08   313   9.71213e-09   546   3.99048e-08   779   5.84756e-08
 81   7.44822       314   1.07139e-06   547 100             780  49.6163
 82   0.721698      315   3.51842e-08   548 100             781  44.3679
 83   1.55874e-07   316   1.28678e-08   549 100             782   2.45018e-08
 84   3.24323e-08   317   4.26394e-05   550  70.3467        783   4.72338e-08
 85  21.8829        318   3.65451e-07   551  10.78          784   1.29714e-05
 86   4.54364e-08   319   1.11888e-07   552 100             785   1.11589e-08
 87   1.66183e-08   320  11.9247        553 100             786   9.5854e-08
 88   8.74335e-09   321   1.58856e-08   554 100             787  29.7368
 89   3.87842e-08   322   1.22506e-08   555  13.5249        788  30.0113
 90   1.75359e-08   323   2.30871e-08   556 100             789   1.18788e-08
 91   1.56525e-08   324  94.6687        557  85.3794        790   3.31497e-08
 92  11.8316        325   4.80151e-08   558  19.6294        791   1.08494e-08
 93   1.05732e-08   326  14.2954        559   2.12735e-08   792   1.35831e-08
 94   1.55528e-07   327   1.79381e-08   560   1.64902e-08   793   1.46847e-08
 95   1.58857e-07   328   1.2509e-08    561   2.70653e-07   794   1.24326e-08
 96 100             329   5.06787e-08   562  94.1132        795   1.68933e-08
 97   2.88275e-08   330   1.36125e-08   563  20.5228        796   1.61557e-07
 98   4.63587e-08   331   2.14816e-08   564  24.2534        797   2.41702e-07
 99   3.58527e-07   332   1.99835e-08   565  10.2583        798   4.35197
100   1.20247e-07   333   2.32656e-07   566  12.1004        799  18.3781
101   4.77388e-08   334   9.77954e-09   567   3.90057e-08   800   6.57055e-09
102   4.29387e-08   335   5.21657e-05   568  51.7142        801   1.33726e-08
103  53.3458        336   1.21795e-08   569   3.00456e-08   802   1.04572e-08
104   5.67442e-08   337   3.26823e-08   570 100             803   2.08974e-08
105   1.62143e-07   338  11.7121        571   4.4648e-08    804  16.6025
106   1.15297e-06   339  26.2866        572   9.55066       805   3.30282e-08
107 100             340 100             573   1.77629e-08   806  23.6291
108   7.48111e-08   341   1.81246e-08   574  32.6417        807   3.48326e-08
109   1.18805e-07   342   9.12108       575   1.6507e-07    808   3.21459e-08
110   1.62143e-07   343 100             576  55.5357        809   3.35217e-08
111   1.55528e-07   344   3.45674e-07   577   8.32066       810   2.64851
112   4.81908e-08   345   2.91002e-08   578   1.18991e-07   811   1.22998e-07
113   4.19339e-08   346   7.89021e-05   579   5.5956e-08    812   1.8301
114   4.19339e-08   347   4.40896       580   1.07895e-07   813   6.98599e-08
115   8.33315e-08   348 100             581  51.8548        814   1.15029e-08
116   1.16959e-07   349   7.75811e-09   582   1.80261e-08   815   1.79202e-08
117   3.83192e-08   350   2.58455e-08   583  67.3871        816   7.2747e-08
118  15.8997        351   1.89145e-07   584  13.523         817   1.37385e-08
119  15.8997        352  36.3147        585 100             818   1.2377e-08
120   3.51179e-07   353   1.75338e-07   586   8.58735e-08   819   9.80018
121   1.55528e-07   354   1.49628e-08   587   2.82737e-08   820   1.26368e-08
122   1.55528e-07   355 100             588   3.02102e-08   821   1.58924e-08
123   3.51179e-07   356   2.00458e-08   589   1.64602e-08   822   5.33959e-08
124   1.62143e-07   357   1.37841e-08   590   1.28896e-08   823   4.51216
125   2.2279e-07    358   2.39372e-08   591   2.48433e-08   824   1.26813e-08
126   6.74167e-08   359   1.21459       592   0.452162      825   3.17273e-07
127   3.6803e-08    360  36.9086        593   1.52344e-08   826   9.32481e-08
128   7.87642e-08   361 100             594   4.33902e-08   827   3.12841e-08
129   4.61561e-08   362   0.518999      595  39.4554        828   3.13853e-08
130   2.50906e-08   363   5.65306e-08   596  31.7751        829   1.8263e-08
131   9.99953       364   3.05254e-08   597   3.61907e-08   830   6.31716e-08
132   2.73441e-08   365   4.66511       598   6.52439e-09   831  76.2963
133   1.62143e-07   366   4.58578e-08   599   7.90875e-09   832   5.18905e-08
134   2.89386e-08   367   1.08529e-07   600   1.46869e-08   833   5.36147
135  18.9859        368  36.552         601   8.48364e-08   834   1.43723e-08
136   3.42651e-08   369   1.51477e-08   602   2.82134e-07   835   8.79384e-09
137   4.50003e-08   370   1.18049e-08   603   9.9494e-09    836   3.33405e-08
138  14.7931        371  14.178         604  15.904         837   9.25864
139   8.88304       372   6.3973        605   2.97545e-08   838   2.36486e-08
140  32.1911        373   4.82164e-08   606  16.6266        839   6.14567e-08
141   1.41517       374   5.11913e-08   607  75.4819        840   2.04526e-08
142   2.66904e-08   375   2.01168e-08   608   3.44936       841   1.5134e-08
143   1.62143e-07   376   7.87965e-09   609   4.73759e-08   842   9.10766e-09
144  24.8799        377   8.23258e-09   610   2.6551e-08    843   3.15113e-08
145   7.24454e-08   378   2.39674e-08   611   1.10409e-07   844  14.8876
146   7.24454e-08   379   3.19361e-08   612   1.34627e-08   845   6.58333e-09
147   1.95742e-07   380   3.55049e-08   613   1.14217e-06   846   3.18002e-08
148  29.3941        381  10.7755        614  46.829         847   1.3817e-07
149  47.4284        382   1.87621e-07   615   7.6429e-09    848   2.9681e-08
150   3.48425e-08   383  10.1125        616   1.67587e-08   849   2.16432e-08
151   6.93747e-08   384   2.15359e-08   617  29.759         850   2.80863e-08
152   1.03808e-07   385  37.2719        618   6.9634e-08    851 100
153  15.8997        386   3.37973e-08   619   1.45136e-07   852   9.55931
154   3.22627e-07   387   4.52554e-08   620   2.20453e-08   853   3.51712e-08
155  16.5968        388   3.75633e-08   621   1.77099e-07   854   2.62737e-08
156   2.04995e-07   389   6.39607e-08   622   1.12784e-07   855   2.18107e-08
157   3.51179e-07   390   3.85878e-08   623   2.38953e-06   856   1.59238e-08
158   3.51179e-07   391   2.38779e-08   624  27.8458        857   1.88612e-08
159   5.71591e-08   392   2.59289e-08   625  82.4524        858   2.19832e-08
160   5.33223e-08   393   2.51141e-08   626  44.6105        859   8.82345e-08
161   1.67981e-07   394   2.35193e-08   627  52.4492        860  79.766
162   6.22126e-06   395   6.42799e-08   628   1.73135e-08   861   1.03325e-07
163   3.64862e-08   396   7.0963e-08    629  29.7649        862   9.40505e-08
164   2.04995e-07   397   2.00434e-08   630  88.1181        863   2.75314e-07
165   1.36036e-07   398   1.10545e-08   631   1.80629e-07   864   1.15999e-07
166  50.2643        399   2.36196e-08   632   4.80383e-05   865   8.25007e-08
167   1.24576e-07   400 100             633   3.57577e-08   866  19.4998
168   7.0521e-08    401   3.93314e-08   634  25.5625        867   2.70738e-08
169   6.99054       402   2.29645e-08   635   2.05551e-08   868   7.03896e-08
170   4.3117e-06    403  20.4556        636   2.55964e-08   869   1.2832e-08
171   7.79772e-08   404   2.81465e-07   637  20.1188        870   1.00008e-07
172   4.33081e-08   405   2.81465e-07   638   7.85297       871   4.58927e-08
173   1.62143e-07   406   1.3258e-08    639   2.11629       872   3.58601e-08
174   1.62143e-07   407   5.92886e-08   640   5.41798e-08   873   1.45055e-07
175   2.04995e-07   408   4.85835e-08   641   3.68246e-08   874   3.03473e-07
176   3.98767e-07   409  62.2893        642   1.69205e-08   875   2.23227e-08
177   3.62615e-08   410   4.82995e-08   643   2.63309e-08   876   5.37638e-06
178   2.3608e-08    411   6.67373e-08   644   2.16152e-08   877   6.78158e-09
179   3.16792e-08   412   7.88673e-08   645   2.18777e-08   878   6.42426e-09
180  17.1153        413   1.16132e-08   646   6.80825e-08   879   2.32207
181   2.04995e-07   414   2.19918e-08   647 100             880  17.4657
182   1.55528e-07   415   2.103e-07     648   4.7869e-08    881  50.3071
183  47.3926        416   6.03808e-08   649   1.42789       882  19.4998
184   1.55528e-07   417   6.03808e-08   650   1.99823e-06   883   1.22125
185   1.62143e-07   418   2.23966e-08   651   1.86656e-08   884   2.6178e-08
186   5.67442e-08   419   2.23966e-08   652   3.12446e-08   885   1.59003e-07
187   2.28278e-08   420  79.0613        653   1.52649e-07   886   3.22361e-08
188   2.08509e-08   421   2.9091e-08    654   3.39993e-08   887   3.36517e-08
189   2.6149e-08    422   2.96735e-08   655   1.69894e-08   888   1.95995e-08
190   2.26149e-08   423   5.98807e-08   656   2.53005e-08   889  22.6208
191   1.05141e-08   424   1.31185e-08   657   2.10137e-08   890   3.61435e-08
192   1.86063e-08   425   3.54777e-08   658  25.9261        891   1.91928
193   4.46581e-08   426   9.56891e-09   659  69.1807        892   2.53971e-08
194  14.0943        427   2.09967e-08   660   3.93083e-08   893   1.53879e-08
195   4.0549e-06    428   1.0388e-08    661  10.4278        894  64.609
196   2.1988e-08    429   7.02113e-09   662   6.5731e-08    895   2.16924e-07
197   1.94553e-08   430   1.98278e-08   663   1.18146e-07   896   1.71376e-08
198   4.55288e-08   431   1.08507e-08   664   1.98124e-08   897   4.2152e-08
199   1.62843e-08   432   6.69898e-08   665   1.3003e-07    898   2.25951e-08
200   3.22898e-08   433   1.94746e-08   666   1.8045e-08    899   3.86537e-08
201   1.71777e-08   434   8.98061e-08   667   2.60135e-08   900   3.14658e-08
202   1.99671e-08   435   3.73173e-08   668   2.9917e-08    901   1.98056e-08
203   4.61591e-08   436   9.96471e-08   669   2.40244e-08   902   3.58226e-06
204   2.25151e-08   437   6.00661e-08   670   2.01293e-08   903  66.6128
205   4.19122e-08   438   3.88261e-08   671   1.44925e-08   904   2.19726e-08
206   3.55882e-08   439   4.65218e-08   672   3.53605e-07   905   3.04861e-08
207   1.64031e-08   440   0.609699      673   3.55888e-08   906   9.53365
208   2.3788e-08    441   6.16852e-08   674   9.18541e-07   907   1.59719e-08
209   3.57558e-08   442   1.68617e-08   675   1.19776e-07   908   2.21956e-08
210   2.05722e-08   443   1.40688e-08   676   2.19849e-08   909   8.27869e-08
211   1.51391e-08   444   1.09052e-07   677  28.6731        910  36.5119
212   1.38947e-08   445   4.26739e-08   678   2.78184e-08   911   2.39425e-08
213   2.3485e-08    446   2.25858e-08   679   1.57025e-08   912   3.25102e-08
214   2.12671e-08   447   3.17983e-08   680   2.04425e-08   913   2.36518e-08
215   3.36595e-08   448   1.46812e-08   681   5.06646e-05   914   7.67329e-09
216   4.31871e-08   449   5.35552e-08   682   1.77985e-08   915   4.85302e-08
217   2.25694e-08   450   2.48906       683   2.13172e-08   916   2.94363e-08
218   5.61477e-08   451   1.4035e-08    684   1.87212e-08   917   5.09041e-08
219   2.95085       452   9.48756       685   2.25126e-08   918   4.17429e-08
220   3.41166e-08   453   9.66624e-07   686   1.63082e-08   919   5.01525e-08
221   1.47968e-07   454   2.42146e-08   687   3.71891e-08   920   5.01525e-08
222   9.7347e-08    455   2.65651e-08   688   1.43247       921   4.22638e-08
223   3.0767e-08    456   2.07673e-08   689  21.4965        922   1.64921e-08
224   2.84568e-08   457   3.19991e-08   690   1.32444e-08   923   2.51828e-08
225   2.39618e-08   458   2.58198e-08   691   5.8516e-08    924  41.5025
226   7.43714e-09   459   2.88423e-08   692   1.40183e-08   925   6.80445e-08
227   6.67201e-09   460   7.04684e-08   693   5.98842e-08   926  66.3378
228   1.59635e-08   461   1.97179e-08   694   2.23347       927   3.36428e-08
229   1.00049e-08   462  31.822         695   1.97066e-08   928  14.8162
230   9.38472e-09   463  84.6417        696   1.15422e-08   929   2.5789e-08
231   8.30266e-08   464   3.20502e-08   697   2.68242e-08   930   2.52143e-08
232   5.10253e-08   465   6.20451e-08   698   1.36536e-08
233   1.11279e-07   466 100             699   2.40365e-08
;


 
