

*************************************************************

   NEOS Server Version 5.0
   Job#     : 48787
   Password : SOWGiMVw
   Solver   : nco:LOQO:AMPL
   Start    : 2011-12-03 20:24:19
   End      : 2011-12-03 20:25:32
   Host     : neos-1.chtc.wisc.edu

   Disclaimer:

   This information is provided without any express or
   implied warranty. In particular, there is no warranty
   of any kind concerning the fitness of this
   information  for any particular purpose.
*************************************************************
Job 48787 sent to neos-1.chtc.wisc.edu
password: SOWGiMVw
---------- Begin Solver Output -----------
Executing /opt/neos/Drivers/loqo-ampl/loqo-driver.py at time: 2011-12-03 20:24:19.667488
File exists
You are using the solver loqo.
Executing AMPL.
processing data.
processing commands.

930 variables, all nonlinear
1 constraint, all linear; 930 nonzeros
	1 equality constraint
1 nonlinear objective; 930 nonzeros.

LOQO 6.07: optimal solution (30 QP iterations, 88 evaluations)
primal objective 9778.248345
  dual objective 9778.248385
a [*] :=
  1   8.31392e-09   234   7.09986e-09   467   6.54551e-09   700   3.58728e-08
  2   1.14621e-08   235   8.78338e-09   468   3.33432e-08   701   1.94496e-08
  3   5.09144e-09   236   7.81205e-09   469   1.64761e-08   702   5.32426e-08
  4   1.06223e-08   237   1.12731e-08   470   8.31094e-09   703  31.5013
  5   7.08554e-09   238   1.61825e-08   471   6.62768e-09   704   2.23122e-08
  6   6.26218e-09   239  19.5635        472   2.23084e-08   705   1.8193e-08
  7   7.09117e-09   240   1.4575e-08    473   1.06655e-08   706   7.80129
  8   5.15415e-09   241   4.65273e-09   474   5.86596e-09   707   5.93369e-09
  9   3.28948e-08   242   7.30195e-09   475   1.56059e-08   708   9.83877e-09
 10  13.2833        243   5.77653e-09   476  32.4434        709   1.21889e-08
 11   1.42629e-05   244  75.7932        477   1.16903e-08   710   2.36205e-07
 12  25.2253        245   6.32209e-09   478   4.63181e-09   711   3.54612e-07
 13   4.93448e-09   246   1.60503e-08   479   1.91726e-08   712   6.88088e-08
 14   3.40717e-09   247   3.56336e-07   480   5.23087e-09   713  68.2226
 15   6.84084e-09   248   2.05835e-08   481  25.4098        714   4.63618e-08
 16  14.6662        249   1.69261e-08   482   2.46959e-08   715  78.8873
 17   1.27337e-07   250  15.7006        483   1.07849e-07   716  26.6653
 18   1.64936e-07   251  64.528         484  42.668         717   2.14635e-08
 19   1.0047e-07    252  89.7238        485  17.7152        718  66.3524
 20   8.63592e-09   253   1.7224e-08    486  27.2284        719   9.94239e-09
 21   1.13687e-08   254   1.32757e-08   487   4.44739e-09   720   7.242e-09
 22   9.86244e-09   255   2.31534e-08   488   1.01913e-08   721   9.31202e-09
 23   3.77194e-08   256   4.35843e-09   489   9.07426e-09   722   4.36922e-09
 24   9.34997       257   1.08319e-08   490   3.87179e-08   723   1.02819e-08
 25   3.46693e-08   258   3.53133e-09   491   8.31094e-09   724 100
 26   8.29631       259   3.01027e-09   492   1.01913e-08   725   6.76775e-08
 27  84.9554        260   4.09174e-09   493  31.6028        726   1.97389
 28   1.18111       261   3.90468e-09   494  10.296         727   7.20552e-09
 29   2.62405e-07   262   1.69906e-08   495  55.2463        728   1.21112e-07
 30   2.62405e-07   263   1.03678e-08   496   8.78652e-09   729   4.40608e-09
 31   1.68129e-08   264   1.10743e-08   497   1.01766e-08   730   1.18355e-08
 32   3.91932e-08   265   7.23733e-09   498   1.21115e-08   731  27.9584
 33  13.854         266  68.4682        499   3.29375e-09   732  19.9751
 34   6.43292e-09   267   5.96433e-08   500   1.27002e-08   733   1.26218e-07
 35   5.04508e-09   268 100             501  65.9556        734   1.26408e-08
 36   7.71161e-09   269  98.4248        502 100             735   3.3351e-09
 37   6.37717e-09   270   8.80098e-09   503   1.93188e-07   736   8.78477e-09
 38   2.59768e-08   271 100             504   8.72038e-09   737  24.0828
 39  63.043         272   4.99996e-07   505   6.13518e-09   738   1.85642e-08
 40   2.05596e-08   273  43.1421        506   2.69191e-09   739  66.5456
 41   1.4476e-08    274  57.6323        507   1.71753e-08   740   1.83518e-07
 42   4.97587e-09   275   3.46938e-08   508   1.85682e-08   741  77.9432
 43   4.22583e-09   276   2.7437e-08    509   1.11796e-08   742   3.59209e-08
 44   2.15814e-08   277   8.91634e-09   510   7.89249e-09   743   9.46433e-09
 45   1.31333e-08   278   4.16029e-08   511   1.22134e-08   744   2.50809e-08
 46   3.76295       279   1.28435e-08   512   7.22713e-09   745   6.49816e-09
 47   1.9627e-08    280   5.49143e-09   513   1.11745e-08   746   1.46467e-08
 48   1.10061e-08   281   1.98252e-08   514   1.43531e-08   747   3.64703e-09
 49   2.16078e-08   282   4.38724e-09   515   8.07514e-09   748   3.59538e-09
 50   2.99682e-08   283   1.97693e-08   516   6.72946e-09   749   4.13255e-09
 51   5.45072e-08   284   9.57662e-09   517  15.4173        750   4.16604e-09
 52   6.20595e-09   285   6.08882e-09   518   1.86027e-06   751   6.20427e-09
 53   5.52783e-09   286   1.01378e-08   519   9.33333e-09   752   2.33192e-08
 54   1.18937e-08   287   6.68629e-09   520   1.12279e-08   753   5.24012e-09
 55   4.33298e-09   288   7.02886e-09   521   7.85426e-09   754   4.98536e-09
 56   1.85877e-08   289   1.73655e-08   522   9.38333e-09   755   5.76119e-09
 57   8.30932e-09   290   2.67216e-08   523   3.39675e-09   756   5.58049e-09
 58   4.43968e-09   291 100             524   4.24975e-09   757   3.14903e-09
 59   4.84935e-09   292   3.0776e-07    525  88.7452        758   1.05342e-08
 60   4.5836e-09    293   1.35979e-08   526   8.75691e-09   759   5.55706e-09
 61   5.50274e-09   294   4.92425e-09   527   4.46781e-09   760   1.11619e-08
 62   4.69078e-08   295   1.51568e-08   528   1.38472e-08   761   8.21888e-09
 63   6.93819e-08   296   2.01664e-08   529   8.88053e-09   762   1.23756e-08
 64   2.9519e-07    297   2.20659e-08   530   1.58869e-08   763   4.71083e-09
 65  70.0999        298   1.23516e-08   531   1.17565e-08   764   8.04606e-09
 66   3.17951e-08   299   9.4641e-09    532   9.85164e-09   765   5.9843e-09
 67   1.83793e-08   300   5.85735e-09   533   2.35032e-08   766  67.1774
 68   7.57017e-09   301  57.3749        534   1.19459e-06   767   2.6234e-08
 69   7.35866e-09   302  91.9788        535   1.35539e-08   768   1.10055e-08
 70   9.16313e-09   303  39.2359        536   7.73168e-09   769   2.57206e-07
 71   4.08964e-09   304   8.06192e-09   537   3.34628e-08   770   6.00165e-09
 72   1.84481e-09   305 100             538   6.28662e-09   771   4.98536e-09
 73   3.856e-09     306  12.1434        539   5.38247e-09   772   1.39486e-08
 74   6.16725e-09   307   2.15225e-08   540   9.23202e-09   773   8.92632e-09
 75   7.27933       308 100             541   6.72785e-09   774   8.27709e-09
 76   1.88256e-08   309   2.9227e-07    542   5.59147e-09   775   3.63773e-09
 77   9.15638e-09   310   3.01318e-07   543   1.23287e-08   776   5.57175e-09
 78   7.77708e-09   311   2.26054e-08   544   1.05706e-08   777   3.65075e-09
 79   8.4205e-09    312   2.60904e-08   545  46.0417        778   4.36812e-09
 80   2.57488e-08   313   3.31549e-09   546   1.53514e-08   779   7.82063e-09
 81   1.64772e-07   314   9.05429e-09   547   1.64087e-08   780   5.96223e-09
 82  54.5961        315   9.43902e-09   548  74.3627        781   4.80533e-07
 83  49.7717        316   1.35555e-08   549   7.68913e-09   782   3.94404e-09
 84   1.79906e-08   317   1.51191e-08   550   1.02003e-08   783   4.10939e-09
 85   1.24811e-08   318   4.73309e-09   551   1.70714e-08   784   2.59898e-09
 86   2.39411e-07   319   3.9518e-09    552   4.01982e-08   785   2.46318e-09
 87   1.22942       320   1.19686e-08   553   1.33542e-08   786   5.84078e-09
 88   4.18549e-08   321   5.31638e-09   554 100             787   2.97926e-09
 89  20.8588        322   3.20438e-08   555   9.74871e-09   788   3.04148e-09
 90   6.78355e-09   323   5.75066e-09   556   7.81248e-09   789   4.91028e-09
 91   9.32687e-09   324   8.00796e-09   557   1.28964e-08   790   1.65744e-09
 92   9.78346e-08   325   4.75708e-09   558   8.25142e-08   791   2.29338e-09
 93   1.15878e-07   326   2.96492e-09   559   9.04516e-08   792   6.00338e-09
 94 100             327   3.64353e-09   560   1.1607e-08    793   7.56742e-09
 95 100             328   1.03113e-08   561   1.27678e-08   794   1.12731e-08
 96 100             329   1.50788e-08   562   3.02142e-08   795   1.08334e-08
 97 100             330   8.57046e-09   563   6.74858e-09   796   1.70983e-08
 98 100             331   2.22355e-07   564   8.15021e-09   797   2.21667e-08
 99 100             332   4.47481e-08   565   1.16979e-08   798   2.23373e-09
100 100             333   5.70572e-09   566   3.94966e-09   799   2.69299e-09
101 100             334   5.18956e-09   567   8.06808e-09   800   1.95976e-09
102 100             335   2.97558e-09   568   1.20822e-08   801   2.22559e-09
103 100             336   4.43892e-09   569   1.38502e-08   802   2.77514e-09
104 100             337   2.83725e-09   570   1.14963e-08   803   5.40306e-09
105   4.5946e-08    338   3.65512e-09   571   3.16115e-08   804  15.818
106 100             339   5.36872e-08   572   5.39043e-09   805  91.4701
107 100             340   4.42278e-09   573   7.54529e-09   806   7.87492e-09
108 100             341   5.38097e-09   574  28.9427        807   5.66012e-09
109 100             342   7.523e-07     575   2.44468e-08   808   8.12281e-09
110   4.5946e-08    343   2.94741e-08   576   1.20544e-08   809   1.14638e-08
111 100             344   3.05906e-08   577   5.58483e-08   810   5.30028e-09
112 100             345   2.22921e-07   578  30.4293        811  11.0464
113 100             346  21.7057        579  38.1802        812   3.12132e-09
114 100             347   1.55051e-08   580   5.85e-07      813   6.17988e-09
115 100             348   3.05562e-08   581   8.12155e-08   814   7.22574e-09
116 100             349   6.6803e-09    582   4.64372e-09   815   1.9068e-09
117 100             350   6.37515e-09   583 100             816   3.08783e-09
118 100             351   8.80884e-09   584 100             817   3.55453e-09
119 100             352   1.46402e-08   585   4.03899e-08   818   3.07493e-09
120 100             353   7.84391e-09   586 100             819   3.3777e-09
121 100             354   9.77013e-09   587   1.40093e-08   820   2.70011e-09
122 100             355   9.2373e-09    588   1.46977e-08   821   3.48758e-09
123 100             356   5.07418e-09   589   1.99813e-08   822   2.61169e-09
124   4.5946e-08    357   6.35758e-09   590  19.5076        823   2.59909e-09
125 100             358   2.58893e-09   591  12.1713        824   2.85429e-09
126 100             359   9.02464e-09   592  43.1191        825   2.1828e-09
127 100             360   7.3482e-09    593   7.26972e-08   826   6.8695e-09
128 100             361   7.35922       594 100             827   1.37903e-08
129  82.6438        362   1.11048e-07   595   1.14775e-08   828   2.01692e-09
130  33.9521        363   3.95384e-09   596   1.87109e-08   829   2.0263e-09
131 100             364   2.75123e-08   597   1.25931e-08   830   4.66737e-09
132 100             365  14.1511        598   6.77786e-09   831   1.1169e-08
133   4.5946e-08    366 100             599   3.32533e-09   832   2.35118e-08
134  37.8394        367 100             600   8.99996e-09   833   1.75469e-08
135 100             368   2.86288e-08   601   6.00267e-09   834   1.98977e-09
136 100             369   6.61059e-09   602   9.22502e-09   835   3.48593e-09
137  28.776         370   6.63234e-09   603   7.11099e-09   836   4.27241e-09
138  43.4846        371   1.06186e-08   604   8.02597e-08   837   1.02319e-08
139  17.0306        372   2.59987e-08   605   9.16288e-09   838  15.7763
140 100             373   1.48733e-08   606   5.33534e-09   839   8.44269e-09
141  39.9003        374   1.81698e-07   607   9.30074e-09   840   5.21417e-09
142  63.2767        375   8.11609e-09   608   9.20808e-09   841   1.26568e-08
143   4.5946e-08    376   3.1992e-09    609   1.04518e-08   842   3.04236e-09
144 100             377   8.40498e-09   610   7.73823e-09   843   4.82675e-09
145 100             378   3.89012e-08   611   8.57811e-09   844   4.31297e-09
146 100             379   6.02814e-09   612   7.78934e-09   845   3.26705e-09
147 100             380   7.21371e-09   613   5.13761e-09   846   5.31146e-09
148 100             381   1.03731e-08   614   7.78988e-09   847   3.84096e-08
149 100             382 100             615   1.12941e-08   848   1.523e-08
150 100             383   4.98718e-07   616   3.46055e-09   849   7.97629e-07
151 100             384   3.25755e-08   617   3.81342e-09   850   3.79493e-07
152  57.8295        385   1.98027e-08   618 100             851   4.21902e-09
153 100             386   1.26774e-08   619  54.6963        852   3.46432e-09
154 100             387   8.42928e-09   620   2.03404e-08   853   2.35655e-08
155   1.00923e-07   388   2.62822e-08   621   3.18104e-08   854  12.7255
156   4.43575e-06   389  57.092         622   2.29753e-08   855   4.11734e-08
157 100             390   1.74443e-08   623   2.00994e-08   856   1.67684e-08
158 100             391   1.20143e-08   624   1.02096e-08   857   8.40945e-09
159 100             392   2.97889e-08   625   7.12453e-09   858   2.51108e-06
160 100             393  61.0367        626   6.05598e-08   859 100
161   5.66727e-07   394   1.20358e-07   627   1.14562e-08   860   1.09236e-08
162 100             395  32.2634        628   5.79758e-09   861   1.5641e-07
163 100             396 100             629   7.67174e-09   862   1.15437e-08
164   4.43575e-06   397   3.06405e-08   630   1.91314e-08   863   1.22817e-08
165  94.2478        398   1.43317e-08   631  64.2859        864   1.35294e-08
166  28.9735        399   6.57515e-09   632   5.79458e-09   865   4.57716e-08
167  12.0473        400  21.6761        633   9.29874e-09   866   2.24063e-08
168 100             401 100             634   8.64973e-09   867   2.39698e-08
169  82.1717        402   4.15175e-08   635   5.75946e-09   868   9.97666e-09
170 100             403   7.68431e-08   636   4.04842e-09   869   1.63113e-08
171 100             404   3.56828e-08   637   4.35732e-09   870   9.17794e-09
172 100             405   3.56828e-08   638   2.44924e-08   871   7.78829e-09
173   4.5946e-08    406   5.05623e-09   639   1.04532e-08   872   5.48447e-09
174   4.5946e-08    407   8.63123e-09   640   7.03184e-08   873   3.56336e-08
175   4.43575e-06   408   9.01919e-09   641  38.2722        874 100
176 100             409   2.09477e-08   642   5.51409e-09   875   7.51921e-09
177 100             410   7.94924e-09   643   8.44385e-09   876   8.63184e-09
178 100             411   1.54739e-08   644   1.52391e-08   877   5.89067e-09
179 100             412   3.37344e-08   645   1.1607e-07    878   5.41339e-09
180   9.28913       413   6.81244e-09   646   4.21317e-08   879   7.79213e-09
181   4.43575e-06   414   8.00864e-09   647   8.51531e-09   880   1.48311e-08
182 100             415   1.5891e-08    648   6.91821e-09   881   3.52706e-08
183 100             416   1.18182e-07   649   1.60021e-08   882   2.24063e-08
184 100             417   1.18182e-07   650   9.26054e-08   883   5.50608e-09
185   4.5946e-08    418  13.2035        651   7.58588e-09   884   1.44402e-08
186 100             419  13.2035        652  13.4481        885   3.23814e-08
187   1.93517e-08   420   6.03651e-09   653   4.27229e-07   886   4.49866e-09
188   6.90082e-09   421   1.29682e-08   654 100             887   7.02826e-07
189   3.71534e-08   422   1.23495e-08   655  40.4898        888   9.27406e-09
190   1.17175e-08   423   1.90212e-08   656   8.38693       889   3.86454e-08
191   7.59759e-09   424   5.30145e-09   657   2.84893e-07   890 100
192   1.71816e-08   425   2.09437e-08   658   1.97014e-08   891   4.64965e-08
193   5.50443e-08   426   7.00273e-09   659   1.67496e-08   892   1.05803e-08
194   7.39222e-09   427   1.68989e-08   660   1.34406e-08   893   4.975e-09
195  41.7941        428   2.24135e-09   661  59.9614        894   3.98106e-09
196  99.9289        429   3.49878e-09   662  24.9612        895   1.70201e-08
197   4.783e-07     430   2.59656e-08   663   5.52051e-08   896   1.80187e-08
198 100             431   5.30046e-09   664   2.37461e-08   897   1.16362e-08
199   7.59211e-08   432 100             665   6.78948e-08   898 100
200   3.34419e-07   433   8.60261e-09   666  68.0506        899   6.31499e-09
201 100             434   1.01172e-08   667 100             900   8.01414e-09
202   2.06656e-07   435   9.03786e-09   668  10.7107        901   1.27026e-08
203   4.68102e-08   436  59.6519        669 100             902   1.04777e-07
204   2.1604e-08    437  34.8025        670   2.24823e-08   903   2.3103e-08
205   9.90809e-09   438   2.20424e-08   671   1.00965e-08   904   6.83593
206   1.51661e-08   439   1.66771e-08   672   1.16613e-08   905 100
207   7.23231e-09   440   1.46281e-07   673   5.20388e-08   906 100
208   1.27476e-08   441  13.0546        674   3.41446e-08   907   5.21331e-09
209   6.07032e-08   442   7.16159e-09   675   7.82137e-08   908   6.53455e-09
210   2.23572e-08   443   8.88404e-09   676   2.31435e-08   909 100
211   1.68566e-08   444   3.57918e-08   677   1.15426e-07   910   4.02747
212   1.2764e-08    445   1.54227e-08   678   8.67359e-09   911   3.14506e-08
213   2.92081       446   7.45635e-09   679   1.10637e-08   912   7.29548e-09
214  52.6979        447   3.76337e-08   680   1.39229e-08   913   4.81704e-09
215   2.45748e-08   448   4.51074e-08   681   6.43635e-08   914   4.07928e-09
216 100             449   1.91082e-08   682   4.3292e-05    915   8.59291e-09
217   1.13795e-08   450   2.57687e-09   683  38.2287        916   3.5401e-09
218   5.09416e-09   451   2.95246e-09   684   5.23129e-08   917  30.5941
219   1.83421e-08   452   4.94842e-08   685   2.04792e-08   918   3.90908e-08
220   1.24227e-08   453   2.55811e-08   686   6.36701e-09   919  19.6865
221   4.91119e-09   454   1.46697e-08   687   2.2026e-08    920  19.6865
222   4.24134e-08   455   3.80163e-08   688  82.8613        921   7.59856e-08
223   9.39351e-09   456   4.13384e-09   689   4.59512       922   7.01004e-09
224   3.91325e-06   457   7.33652e-09   690   1.95107e-08   923   8.12058e-08
225   2.31843e-07   458   4.24666e-08   691   4.46193e-09   924   5.60889
226   4.10213e-09   459   5.12906e-07   692   6.70768e-09   925  96.718
227   5.1949e-09    460   1.325e-07     693   1.03508       926  44.7337
228   3.61408       461   2.21294e-08   694   1.61347e-08   927   5.0782e-09
229   4.43146e-09   462   2.82348e-08   695   7.01567e-09   928   6.29946e-09
230   1.69345e-08   463  31.6864        696   2.35931e-09   929   3.22298e-08
231   7.21815e-09   464   4.34936e-05   697   1.15869e-08   930   1.14995e-08
232   7.9217e-08    465  19.178         698   9.85877e-09
233   7.23077e-08   466   1.5866e-08    699   1.46523e-08
;


 
