

*************************************************************

   NEOS Server Version 5.0
   Job#     : 48795
   Password : RSDpwZcb
   Solver   : nco:LOQO:AMPL
   Start    : 2011-12-03 20:37:51
   End      : 2011-12-03 20:38:47
   Host     : neos-1.chtc.wisc.edu

   Disclaimer:

   This information is provided without any express or
   implied warranty. In particular, there is no warranty
   of any kind concerning the fitness of this
   information  for any particular purpose.
*************************************************************
Job 48795 sent to neos-1.chtc.wisc.edu
password: RSDpwZcb
---------- Begin Solver Output -----------
Executing /opt/neos/Drivers/loqo-ampl/loqo-driver.py at time: 2011-12-03 20:37:51.281061
File exists
You are using the solver loqo.
Executing AMPL.
processing data.
processing commands.

930 variables, all nonlinear
1 constraint, all linear; 930 nonzeros
	1 equality constraint
1 nonlinear objective; 930 nonzeros.

LOQO 6.07: optimal solution (29 QP iterations, 85 evaluations)
primal objective 8069.787758
  dual objective 8069.787857
digit 2
a [*] :=
  1   4.83127       234  16.8042        467   1.20004e-07   700   2.58083e-07
  2   4.82186e-08   235  62.3064        468   3.73174e-08   701   1.86325e-07
  3   6.72697e-08   236   3.64523e-07   469   2.52946e-08   702   0.000450082
  4   8.74181e-08   237 100             470   1.61172e-08   703   4.95424e-08
  5   7.34069       238  21.73          471  16.2413        704   8.23727e-08
  6  40.7589        239 100             472   1.62125e-08   705  41.4464
  7   3.61081e-08   240 100             473   1.25458e-08   706  20.3826
  8   2.09231e-08   241   1.07471e-08   474   1.7162e-08    707   2.46665e-08
  9   2.25705e-08   242   1.61322e-08   475   3.16676e-08   708   3.39966e-08
 10   5.99505e-08   243   8.19756e-09   476   4.57329e-08   709   3.04844e-07
 11   1.0784e-07    244 100             477   2.25712e-08   710  81.8123
 12   8.22784e-08   245  21.1285        478   1.8282e-08    711   4.42851e-08
 13   6.1911e-08    246 100             479   2.25358e-08   712   4.05788e-08
 14   3.48683e-08   247 100             480   1.4666e-08    713   1.59501e-07
 15   1.63302e-07   248  10.0105        481   1.06057e-07   714   0.0944115
 16   2.96645e-06   249 100             482   1.44834e-07   715   9.85292e-08
 17   2.67195e-05   250 100             483   8.95993e-07   716  10.716
 18   6.2574e-08    251 100             484   4.10068e-08   717   2.3138e-07
 19   1.97617e-07   252 100             485   5.41082e-08   718  38.9793
 20   2.82268e-07   253 100             486   8.43215       719   3.43493e-08
 21  23.7072        254 100             487   1.3467e-08    720   4.08043e-08
 22   1.87669e-08   255 100             488   1.78871e-08   721   2.17368e-07
 23   6.18123e-08   256   1.49415e-08   489   1.7571e-08    722   2.32096e-08
 24   6.77847e-08   257  27.3091        490   1.4905e-08    723   2.62699e-08
 25   3.81102e-08   258   9.91194       491   1.61172e-08   724 100
 26  25.6718        259  15.7433        492   1.78871e-08   725   5.70301e-08
 27   9.58385e-08   260   0.235375      493   5.08874e-08   726   5.8562e-08
 28  43.0342        261 100             494   7.10103e-08   727   4.33023e-08
 29   8.2958e-08    262  52.0778        495   5.02551e-08   728   0.261342
 30   8.2958e-08    263   3.517e-08     496   2.32719e-08   729   6.91778e-08
 31   0.776427      264 100             497   3.33471e-08   730   7.98078e-08
 32   3.2149e-08    265 100             498   1.48103e-08   731   2.18082e-07
 33  23.0571        266  36.3605        499   1.04555e-08   732   9.90092e-08
 34   1.9802e-08    267  65.5804        500   1.95779e-08   733   5.77914e-08
 35   3.19074e-08   268 100             501   3.93031e-08   734   7.11894e-08
 36   6.63021e-08   269 100             502   2.32516e-08   735   1.63284e-08
 37   2.36953e-08   270 100             503   4.7175e-08    736   2.10696e-08
 38  24.6218        271 100             504   1.84327e-08   737   2.50598e-07
 39   9.00369e-08   272  74.9894        505   6.01116e-08   738   7.09697e-08
 40   3.89746e-08   273  56.0126        506   1.33086e-08   739  74.7302
 41   2.08306e-08   274 100             507   2.12122e-08   740  89.6263
 42   3.71486e-08   275 100             508   1.66835e-08   741   2.44336e-07
 43   3.84653e-08   276  61.8999        509   1.48104e-08   742   4.43823e-08
 44   3.8179e-08    277 100             510   1.58188e-08   743   7.12679e-08
 45   2.63399e-08   278  40.3405        511   7.07701e-08   744   1.95724e-08
 46   1.84212e-07   279   4.38785       512   1.99475e-08   745   1.25817e-07
 47   2.63629e-08   280   3.07977e-08   513   1.52253e-08   746   4.32973e-08
 48   8.71437e-08   281  98.5255        514   2.19481e-08   747   5.86495
 49   3.99995e-08   282  18.7115        515   8.1578e-08    748   1.67344e-08
 50  20.7782        283   8.6024e-08    516   1.54612e-08   749   2.89049e-07
 51   2.8835e-07    284  53.579         517   3.36778e-08   750   1.52834e-08
 52   2.35125e-07   285  30.9371        518   1.67746e-08   751   5.05955e-08
 53   4.34335e-07   286   5.00662e-07   519   1.16943e-07   752   8.15543e-08
 54   2.85601e-08   287   3.8908e-08    520   5.17321e-08   753   3.19037e-08
 55   1.99559e-08   288  12.0149        521   1.2391e-08    754  18.5033
 56   2.8584e-08    289  29.222         522   1.11808e-08   755   6.42126e-07
 57   4.95722e-08   290   1.36002e-06   523   2.42939e-08   756 100
 58  90.7076        291  58.9767        524   1.72272e-08   757   3.65316e-08
 59  13.6664        292   9.68856e-08   525   6.72707e-08   758  19.4529
 60   5.37479e-08   293 100             526   5.04735e-07   759   3.62484e-08
 61   1.87648e-07   294   1.17183e-07   527   1.97061e-08   760   3.70361e-07
 62   2.95085e-08   295   2.29065e-06   528   6.07663       761  27.966
 63   1.81545e-08   296   5.1519e-07    529   2.23588e-08   762  19.5208
 64   1.16858e-07   297  20.5735        530   2.25248e-08   763   2.33706e-08
 65  13.8371        298   7.66427e-08   531   2.55517e-08   764  20.6662
 66   3.59804e-08   299   2.97811       532   2.897e-08     765   5.11544e-07
 67   5.46689e-07   300   3.11177e-08   533   4.08663e-08   766   3.30034e-08
 68   8.24051       301 100             534   4.06782e-08   767 100
 69   2.50852e-08   302   1.26728e-07   535   2.24429e-08   768   2.74412e-08
 70   3.98334       303   3.5939e-08    536   1.49504e-06   769   5.12753e-08
 71  22.149         304   2.24246e-07   537  87.5878        770   5.57547e-07
 72   2.98294e-08   305   1.8089e-07    538   3.55125e-08   771  18.5033
 73   2.6899e-08    306   2.44774e-08   539   1.64194e-08   772   4.10993e-08
 74   1.1371e-07    307   3.5811e-08    540   1.56228e-08   773   2.4217e-07
 75   8.96923e-08   308  94.6692        541   2.56953e-08   774  42.0624
 76   9.18773e-08   309   4.5037e-08    542   3.25962e-08   775   6.37625e-08
 77   3.95779       310  70.2496        543  21.5628        776   4.37361e-08
 78   1.67535e-07   311   1.07866e-07   544   1.59407e-07   777   1.75255e-08
 79   2.13604e-08   312   5.2591e-08    545   7.7458e-08    778   7.44848e-08
 80   8.51965e-08   313   1.99489e-07   546   3.56866e-08   779   1.66939e-08
 81   5.69692       314   1.99318e-08   547   2.32482e-08   780   3.18433e-08
 82   1.14674e-07   315  34.5845        548   2.97659       781  78.3101
 83   4.95553e-07   316   3.08082e-08   549  26.189         782   1.457
 84   2.01593e-07   317   2.36434e-08   550   1.50757e-08   783   1.3518e-08
 85   4.57524e-08   318   5.47018e-08   551   2.01762e-08   784   2.15479e-08
 86   7.62808e-08   319   6.92828       552   1.83857e-08   785   1.73138e-08
 87   2.18704e-07   320   1.74145       553   4.41732e-08   786   1.84602e-07
 88   1.66758e-08   321  23.2975        554   5.16054e-08   787   2.44198e-08
 89   4.56554e-08   322  27.2385        555   2.25401e-08   788   1.97131e-08
 90  23.6832        323   1.63873e-08   556   1.45289e-08   789   4.76129e-08
 91   2.2841e-08    324   1.5089e-08    557   0.000151206   790   1.49965e-08
 92   3.27875e-08   325  40.3865        558   1.04869       791   5.73412e-08
 93   5.87333       326   2.51754e-08   559  13.3946        792   5.57531e-08
 94   1.34706e-07   327   1.73016e-07   560   4.93122e-08   793   8.02605e-08
 95   8.92246e-08   328  23.1616        561   8.34199e-08   794 100
 96   1.23428e-07   329  41.154         562   2.01606e-08   795   7.69657e-06
 97   4.65915e-08   330   1.55102e-07   563   1.31138e-08   796   2.16268e-07
 98   7.01011e-08   331   2.91668e-08   564   2.10483e-08   797   2.7786e-08
 99 100             332   3.55745e-08   565  82.7081        798   6.78506e-08
100  68.5642        333   1.10068e-06   566   0.4229        799   3.17599e-08
101 100             334   2.49604e-08   567   3.50604e-08   800   7.77093
102   5.45497e-07   335   2.96041e-08   568   4.29143e-08   801  10.4541
103   9.02872e-08   336   1.56871e-08   569   4.83744e-08   802   1.49056e-08
104   7.22799e-08   337   3.91235e-08   570   2.162e-08     803   2.5355e-08
105   6.89636e-08   338   1.62481e-08   571  35.2032        804   3.96282e-08
106   5.06656e-08   339   5.95614e-08   572   1.04192e-07   805   2.46625e-08
107   8.19875e-08   340   2.37453e-07   573  13.6037        806   8.98245e-08
108   2.03153e-07   341   9.58945e-08   574   4.53781e-08   807   2.63844e-08
109   8.85731e-08   342   9.8463        575   5.81203e-08   808  47.8594
110   6.89636e-08   343   3.8036e-08    576   1.00131e-07   809   6.61712e-08
111   1.34706e-07   344  29.3059        577   1.46728e-07   810   4.71014e-08
112   7.35504e-08   345  27.5256        578   9.19319e-08   811   2.83266e-08
113   1.3665e-06    346   3.25723e-08   579   1.83038e-07   812  85.3403
114   1.3665e-06    347   6.90839       580   1.27727e-06   813   2.91625e-08
115   8.5456e-08    348   2.96543e-07   581   4.49476e-08   814   1.06201e-07
116   7.7067e-08    349  60.9747        582   4.45384e-08   815   2.91252e-08
117   1.57672e-07   350  11.1604        583   3.91529e-08   816   2.12614e-08
118   1.26729e-06   351  86.0348        584   1.0496e-07    817   2.42153e-08
119   1.26729e-06   352 100             585   2.95343e-08   818   1.27366e-08
120   2.01113e-07   353   2.76358e-08   586   1.57902e-05   819  38.1507
121   1.34706e-07   354   1.78652e-07   587   9.83065e-08   820   5.73576e-08
122   1.34706e-07   355   1.68672e-08   588   1.86701e-07   821  35.8673
123   2.01113e-07   356   1.73144e-08   589  49.2039        822   7.91837e-08
124   6.89636e-08   357  16.5308        590   1.7642e-07    823   4.6413e-08
125   1.02888e-07   358  26.1274        591   7.09099e-08   824  12.9944
126   4.41451e-05   359   2.24486e-08   592   3.51807e-08   825   2.31536e-08
127  42.4777        360   2.54263e-08   593   1.46192e-06   826  12.7294
128   6.03942e-08   361   5.60172e-08   594   2.75182e-07   827 100
129 100             362   5.01222e-08   595   2.74803e-08   828   2.7451e-08
130  46.9872        363   1.47839e-08   596   5.89101e-08   829   1.27665e-08
131   1.0867e-07    364   6.44313       597   1.61994e-08   830   8.99447e-08
132   6.68835e-07   365  72.7808        598   1.09991e-07   831   1.14318e-07
133   6.89636e-08   366   1.72468e-07   599  13.7363        832   1.57819e-07
134   3.27289e-08   367 100             600   4.16497e-08   833   8.29773e-08
135   7.14661e-08   368   1.1135e-07    601   1.52135e-08   834   2.81858e-08
136   3.2889e-07    369  52.482         602   2.43626e-08   835   1.49594e-08
137   9.22786e-08   370   8.8511        603  19.7036        836   1.71738e-08
138  21.7405        371   1.51432e-07   604   2.55276e-08   837   1.82631e-08
139   1.53726       372   7.38448       605   3.17335e-08   838   2.02467e-08
140  50.4271        373   2.56652e-08   606   2.11902e-08   839   2.63994e-08
141   1.82526e-08   374   9.21444e-08   607   1.92851e-08   840   1.19536e-08
142  45.2842        375   7.14201e-08   608   3.95467e-08   841   2.31132e-07
143   6.89636e-08   376   2.606e-08     609  16.5433        842   1.37941e-08
144   1.58354e-06   377   7.57498e-08   610   2.89816e-08   843   1.95277e-08
145   4.43522e-08   378   2.66164e-08   611   4.84516e-08   844   1.2158e-08
146   4.43522e-08   379   5.48858       612   2.46895e-08   845   3.13968e-08
147 100             380   1.1375e-08    613   1.76678e-08   846   1.30809e-08
148 100             381   2.03094e-08   614   5.60164e-08   847   2.31638e-07
149   1.75021e-08   382   9.71328e-07   615   3.07713e-08   848  16.9664
150 100             383   2.51552e-08   616   2.77437e-08   849  25.1271
151   6.15654e-08   384   0.285804      617  66.0463        850   6.5038e-08
152   8.26021e-08   385   3.24415e-08   618   2.01681e-07   851   1.28888e-08
153   1.26729e-06   386   1.74201e-08   619   2.52901e-07   852   1.05451e-08
154   2.98019e-07   387   1.88942e-08   620   6.42645e-08   853   1.4758e-07
155   2.21044e-07   388   2.15537e-08   621  62.5522        854 100
156   1.09025e-07   389   2.33297e-08   622   7.57104e-08   855   3.93835e-08
157   2.01113e-07   390   2.21796e-08   623  12.5925        856   5.21317e-08
158   2.01113e-07   391   1.76218e-08   624   2.88297e-08   857   2.12452e-08
159  87.6211        392   1.7672e-08    625   1.27343e-08   858   1.0889e-07
160   5.84007e-07   393   3.1682e-08    626   4.95539e-08   859   2.67369e-08
161   6.11791e-08   394   2.44624e-08   627   2.51239e-08   860   1.77968e-08
162   1.35276e-07   395   5.64427e-08   628   1.07343e-07   861   3.07392e-08
163   1.92288e-08   396   4.77507e-08   629   3.47778e-08   862   7.16072e-08
164   1.09025e-07   397   5.0851e-08    630   6.38823e-08   863   2.12116e-08
165 100             398   3.76981e-08   631   3.69319e-08   864   2.44565e-08
166  43.606         399   2.46316e-08   632   4.94336e-08   865   2.3468e-07
167   2.92649e-07   400   2.74151e-08   633  45.774         866   1.96479e-08
168   3.3898e-07    401  37.6148        634   1.99964e-08   867   6.21e-08
169   4.37865e-08   402   2.17226e-08   635   1.3207e-07    868   2.42154e-08
170   4.22385e-08   403   5.8543e-08    636  43.7244        869   2.24912e-08
171   4.59197e-08   404   2.06952e-08   637   9.88648       870   2.06255e-08
172  55.133         405   2.06952e-08   638   2.38688e-07   871   1.37157e-08
173   6.89636e-08   406   1.11169e-08   639  25.9468        872   1.10183e-08
174   6.89636e-08   407   1.38651e-08   640  13.2448        873   3.33871e-08
175   1.09025e-07   408   4.2337e-08    641  86.7487        874   4.46259e-08
176   1.41032e-07   409   2.63189e-08   642   5.04971e-08   875   1.44018e-08
177  27.7385        410   1.7188e-08    643   3.52071e-08   876   1.6098e-08
178  37.0333        411   4.52633e-08   644   3.57979e-08   877   1.36336e-08
179 100             412   2.83378e-08   645   4.45546e-08   878   1.33218e-08
180   1.48524e-07   413   1.025e-08     646   5.01685e-07   879   1.99376e-08
181   1.09025e-07   414   1.52093e-08   647   1.10739e-07   880   1.46107e-08
182   1.34706e-07   415   2.16244e-08   648   2.79472e-08   881   1.49654e-08
183   2.12586e-07   416   1.71429e-08   649   3.49061e-08   882   1.96479e-08
184   1.34706e-07   417   1.71429e-08   650  10.75          883   1.64487e-08
185   6.89636e-08   418   2.71352e-08   651   1.45761e-08   884   2.01213e-08
186   7.22799e-08   419   2.71352e-08   652   1.28973e-07   885   4.01311e-08
187 100             420   1.55669e-08   653   7.31576e-08   886   1.45896e-08
188   2.80868e-07   421   3.20832e-08   654   5.43343e-08   887   2.65756
189 100             422  18.4567        655  21.0874        888   1.347e-08
190  83.0657        423  22.5109        656  54.9776        889   2.0979e-08
191  25.6409        424   1.83505e-08   657   1.79962e-07   890   5.80727e-07
192  48.4898        425   1.62278e-08   658   4.40755e-08   891   1.83328e-08
193  80.3017        426   1.57962e-08   659   5.02078e-08   892   1.29324e-06
194 100             427   2.6558e-08    660  80.3487        893   1.30273e-08
195 100             428   1.60972e-08   661   6.93334e-08   894   1.21825e-08
196  30.0624        429   1.49287e-08   662  17.3194        895   1.58944e-08
197 100             430   2.01742e-08   663   6.29671e-08   896   1.80167e-08
198 100             431   1.4705e-08    664   4.7441e-08    897   2.71034e-08
199 100             432   5.99052e-08   665   7.24688e-08   898   2.56789e-08
200 100             433   4.32427e-08   666   3.20135e-08   899   1.84823e-08
201 100             434   0.187124      667 100             900   2.50647e-08
202 100             435   5.88615e-08   668   2.21386e-07   901   1.91991e-08
203 100             436   6.85552       669   1.8429e-07    902   6.20265e-08
204 100             437   3.86036e-08   670   3.04948e-08   903   1.97615e-08
205   3.89179e-08   438   1.63154e-08   671   2.41286e-08   904   2.94991e-08
206  34.9935        439   1.74149e-08   672   3.3153e-08    905   1.03624e-07
207  58.0814        440   1.78672e-08   673   6.56635e-08   906   3.31901e-08
208 100             441   9.43474e-08   674   5.27305e-08   907   1.64264e-08
209 100             442   1.70178e-08   675   5.00277e-08   908   2.68768e-08
210  34.7003        443   2.62375e-08   676   6.02077       909   7.91108e-08
211 100             444   2.24536e-08   677   8.24235e-07   910   3.43139e-08
212 100             445   2.37249e-08   678   5.3664e-08    911   6.98818e-08
213 100             446   3.16598e-08   679   2.65602e-08   912   1.72969e-08
214 100             447   3.49892e-08   680   3.21419e-08   913   5.06355e-08
215 100             448   2.35889e-08   681   1.42578e-07   914   1.78199e-08
216 100             449   1.34816e-08   682 100             915   2.53316e-08
217 100             450   6.1365e-08    683   5.77075e-07   916   9.03271e-09
218  17.179         451   2.22207e-08   684  23.9818        917   3.19592e-08
219  57.9415        452   1.86351e-08   685   2.71536e-08   918   2.96336e-08
220 100             453   1.76018e-08   686   4.29093e-08   919   5.35231e-08
221   2.75806e-08   454   4.73316e-08   687   1.26619e-07   920   5.35231e-08
222 100             455  12.5675        688  23.3175        921   1.01635e-07
223  31.8511        456   1.51545e-08   689   1.09659e-07   922   1.98108e-08
224 100             457   1.64782e-08   690  30.2498        923   1.61683e-07
225  33.6939        458   1.26038e-07   691   2.00539e-07   924   3.74507e-08
226  44.617         459  47.5841        692   1.41037e-07   925   6.8084e-08
227   1.30956e-08   460   4.35003e-08   693  14.7624        926   4.18263e-08
228 100             461   3.77058e-08   694   4.04789e-08   927   2.35511e-08
229   1.18912e-08   462   4.57075e-08   695   3.17845e-08   928   4.04135e-08
230  14.8505        463   9.26424e-08   696   2.37379e-07   929   4.25573e-08
231 100             464   3.48197e-08   697   1.62334       930   2.59455e-08
232   1.36192e-08   465   3.0328        698   7.07268e-07
233  99.9584        466   1.70609e-08   699   1.2373e-07
;


 
